Input 1:
2 2
-2 -2
1 2
1 2
1 2
1 2 
Output 1:
2

Input 2:
5 7
-3 -4 -6 5 -2
9 9 2 -3 -3
-3 -8 7 10 7
0 4 1 -4 1
5 2 -7 -9 3

Output 2:
113



500 1598294596
-2073672050 1136114038 1668926808 1789422318 1852210256 2072696508 -1739422978 1256337454 1161469032 -1837208140 -1583949832 1764129636 -1852767070 -1926631988 -1300653018 -1405566934 1681459834 -1382754086 -1480861910 2053586400 1167434214 -2121608522 -2049312822 -1686497374 -1381648336 1913173480 1324942322 1047026316 -1816433202 2004262992 -1866819274 1694430978 1067325672 -1603337894 -1608620812 1089575936 -1959856100 1242130284 -1686064774 1697547434 -1688212262 1688926568 1472096724 -1683613996 -1900164238 1059879000 -1412002756 -1492398450 1497781616 2035716168 -2057932346 2101764548 1989379068 -2046660872 -1552352882 1260760426 1388577530 -2122015492 1152197228 2118984394 1319412684 2108345422 -2045061668 1538507420 -1454925016 -1789500594 -1486385038 2026001584 1819059812 1298660658 -1952983292 1470425170 2069995472 -1497138324 1354919278 1978047034 -2077703882 1149444076 2004393546 1677939038 -2055594646 -2110347232 1704257818 1707032118 1853411394 -1986591542 -1753250886 1303786264 -1698964118 1190198222 -1795923522 -1490401456 -1764052832 1665559120 1250405532 -1890615074 -1800224286 1497740256 -1494751174 1499509628 -1576115676 1760611100 -1783350078 1904835548 1299339068 -1574477666 1959361974 1716259614 -1907414452 1422179064 1785296830 1570665202 1512326384 -1625586636 1935599462 -1887018252 1668085966 1758997184 1155896758 1993862604 1174996248 -1481366330 -1354913514 -1887530392 -1864080950 1931523204 -1421634164 -1983136602 -1897226454 -1524114400 -1560209602 1698897384 -1714705522 1564073654 1922139126 1214807694 1651301664 1927029096 1098064006 1092887700 -1615340696 1127458768 -1435005648 1559688368 1288277584 1507099832 -1360360630 1996761478 -1427863556 -1665498102 -1676488646 2103602348 1678997500 1193822046 1835863524 -1666865866 -1694841900 2089564994 -1993994466 -1999571770 -1323231966 1959961932 1017541534 1889285922 1394953712 -1332971180 1398396544 -1338691230 -1524966464 -1366825890 1945076084 -1460885002 -2082408514 -1842203578 -1782808354 1262505360 2121536468 -1851033606 1570290690 -1943177516 1439525526 -1385743532 1573917688 -1886628942 -1685776464 1877219076 -1953460410 1359970630 1949282606 -1697937792 -1320050998 1684621538 1529074940 1037005116 1500410078 -1378939294 -2140074330 -1427866854 -1780563274 1820926922 1161206812 1570592780 -1300610544 1045042778 1708570464 -1591707396 -1352746192 -1664704742 -1407294132 -1472854476 1175107978 1990101102 -1573281528 2029890378 1523016020 2131602732 -1909186716 -2111943200 -2023634358 1949170618 -1520156634 -1688085028 -1889205046 1554209102 1459713736 1073061494 1988800280 1051110292 1212608388 -2120120952 1725932602 -1484639494 -1512814796 -1772639358 -1540499384 1725002660 -1439235272 -2007265408 -1317554970 -1653359192 -1566652268 -1658340852 1903425650 1312122744 1493469286 1046729488 -1862993528 1154819992 -1980725498 2038973406 1229304436 1002822496 1632473080 -1576041852 1278918140 1338841068 1683159184 1673208054 -1977348970 1286800756 -1477171326 1006981902 -1804433380 -2069291274 -1361482312 -1417431854 1312689852 -1632306156 -1521659802 -1522240206 1058475324 1597956186 2108029592 1652871596 -1365652164 1059220970 1074614820 -1956748494 2086479442 1572054786 1544050466 -1361847314 1759861102 -1344673970 2142323484 1174969988 1448251082 -1541884918 -1753572190 1510326956 1331723096 1049596952 -1782739134 1982817870 -1928301542 1885023178 1885273900 -1549597676 1992440864 2094404030 1316179714 -1350237048 1722289632 1609722226 -2088152990 1926711456 2071124366 -1484964094 1785435536 -1399487682 1096126160 1266137546 -2055237640 1885751424 -1520715250 -1385147690 2053708500 1372862416 1784278980 1738166738 -2100930458 1828791818 1219351260 1019573250 1605035988 2111240088 2058977910 1860789586 1386448828 -2043093922 -1901750406 1908288636 -1702519508 1137113246 -1395294382 1868745698 1402586170 1360337958 1123694998 1140536374 1203570932 1095865660 1532927216 1711000024 1552691556 1483677012 2021927922 -1564164298 -2138923850 1584258596 1763328758 -1333438740 -1795828350 -1322580024 1548438964 1207689446 1487486080 -1989079594 -1566662618 1912434662 -1682290616 -2109987988 1700302688 1250602630 -1442710524 2104297952 -1299722924 -2091726722 1585714538 1069239708 1694894576 -1826621406 1020601832 -1945311934 1873620336 1249279022 1244007194 1995771670 -2056040462 2021649862 -1817150848 -1699375972 1877449286 -1362796874 1323509876 1987920000 1974293510 -1815602174 -1342235046 1794646710 1905040538 2069721824 2024810606 -1528087376 -1416710920 2141600346 1276208034 1002144374 1458701350 1474503766 1476879904 1226914802 -1327593010 1652262742 -1661417312 -1619437664 -1969230666 1587289654 1749607000 -1347170346 1882856286 -1923397242 -1849467262 -1860067712 -1399551878 -1996929964 -1590426582 2014333176 1544189050 -1837848890 1598465406 -1844657054 -1840774108 2070280988 1684896382 1500474454 -1765168032 2054772462 1658495728 1871382464 1187383120 1020011702 -1939537004 -1595941878 1194813090 1805290902 -1455663494 -1610210518 -1791242412 -1690075290 1870815192 1344337322 -1841103534 -1960028588 1062519028 1671948706 1494565404 1319099816 -1329221326 2062066352 -2070256838 1529551224 1277111428 1393289048 1088518806 2047263232 1433261260 -1794770304 1611148016 1936380612 1091240368 1157536914 1767732824 -1775587014 1831444928 1262641966 1264328752 1617255396 -1563119406 1059781806 1413081232 -2132991664 -1355424114 1895456604 -1455891530 -1418033066 1144525258 -1731029634 -1949382496 2129074154 -1493179478 1511326574 1505390060 1590753822 1207602176 2073052420 2087821086 -1635524546 -1849161060 2099183312 -1505979374 -2002469744 1662673032 -2130886998 -2083236682 1675681454 1470232002 -1330939300 -1544959112 1593498844 
1106931674 -1808766572 1850509726 1737291352 -1562116354 -1342160440 1934341340 1682062902 -1734132606 -1296917600 1173911106 1058879582 1367786102 -1703780718 1231278470 1516721716 2073866944 -2047555102 1261799232 -1471356144 -1572569084 -1682367032 1387426308 -1726299074 -1492952672 -1476505988 1325546850 2097152236 1024030858 1281361636 -1407727088 1190483278 1281736254 1992843402 -1416443276 1503340464 -1531135800 1317004676 -1486617476 -1399702214 -1861386202 -1436735198 1260188292 -1643447474 -1761386422 1194875736 -2076187882 1653659822 1417594012 1388242710 1670349514 -1758984384 1512766584 1868862378 -1900417064 -1901529578 -1977192746 -1434024858 1247490798 -2138162266 -1748457138 -1785700028 1548047456 2021359168 1411123510 -1395029010 2120593762 1086626374 -1678962626 1326009458 -1938797692 1241644278 1076182100 -1807679848 1260340892 2050883782 1213168178 -1438988408 1521306874 -2135745972 -1496439892 1127205392 1464684348 -1939253590 1977902864 1205017668 -1507742654 1247394122 1440697552 1356351054 1130110326 2033388740 2141161318 -1929031044 1974638376 -1527550602 -1808365924 1000691258 1148134746 2126661170 -1966727536 -2074567868 -1815447082 1460318202 -1777764324 1805190592 -1778162016 2040133964 -1646092292 -1719564144 -1317896584 1835379776 2084102146 -1855548088 1615787510 -1319402544 -1662477368 -1909063710 -1490633164 -1632195762 1250280770 1529589074 -2033418454 1515721214 1160401184 1721400916 1171028710 2095280768 2128648362 -1574517526 1492796864 -1751261884 -1399486480 1801666078 1007517058 -1640879316 -1514328994 1500641592 2108668742 1325156006 -1455059010 -1812330534 -2019888908 -1370316828 1820152670 -1971101838 -2096244280 -1342205798 1257473370 -1302630832 1929388402 2036204744 1123339288 1140616272 -1401048878 -1636926156 1667938940 -2005376290 1460115952 -1843612438 1681359436 1910971592 -2051952372 -1489790800 -1987956462 -1410270062 -1715871562 -1316933918 -1845938406 -2012236042 1742704218 1299947618 1852966876 1565458952 1787569700 1979074570 1134180312 2135236588 1113885176 2027593296 2041152138 1212496238 -1863121696 1424309758 1448736240 -1754442122 -1914335584 1234805450 -2048920844 1426577184 -1685729166 2002706944 -1424940214 -1427999986 1670337786 1582030174 1876135040 -1849959208 -1851520144 1984497726 -1689488306 1778272736 1029065250 -2108433670 1747376686 1982352976 -1454916578 -1620984692 2004089392 1754718556 1101827626 1014757646 -1887017526 1878072056 -1489799458 1371213182 -1920713034 -1566936426 1944547586 1150032584 -2073068402 -2016835286 -2005978162 1950219414 1190579810 -1522401056 1409071810 1766699026 1809145698 -1790109926 1319218458 -1626985938 -2033661794 -1566937294 1027632958 1828476692 2054087390 1285349926 1300355020 1401076200 -1434298450 -2045803078 -1774057814 1541643508 1868467320 -1438843830 -1312977020 1561768298 2101051934 -1655121076 1015521114 1760246716 1866123320 -1689014694 -1782518792 1875843180 -1920293620 -1453865168 1185108508 1819695112 -1856891722 -1595178242 1842332558 -1335141518 1431411860 1291114482 1168530202 2019230090 1363580130 1635168272 -2030901032 1023252526 -2119269206 1943645508 -1699603790 -1482889122 1394408406 1824007866 -2094544600 1023904194 1387923366 1372026732 1485553740 1177363792 1041254728 1824879098 -1637956792 -1355324732 -1954402608 1203484770 1281729048 2037877032 -1899809544 1184328268 1404362404 -2081327820 1451248940 1982870350 1466144968 -1912888728 1688179060 -1485310642 1327414220 -1605707066 1031998158 -1467157508 -1703854592 -1732867786 1088431082 -1584277946 1966234124 1139424302 1966746380 1606351110 -1753484062 1119551232 1548292378 1475469938 1225275206 1888545360 1064199242 1172196112 1932599076 -1778882010 2068238574 1786916880 1598506832 1818414560 -1879024072 -1965224188 -1298724676 2077198250 -1930605290 1497459982 2141101508 -1391465434 1485842848 1225644572 -1387215340 -1448988728 -1392643556 1012686202 -1985237896 1157417734 1673766282 -1560645984 1573718340 1932907514 1732856404 2052243234 1128992680 1623673592 -1427151616 -1729074544 -1671287626 1848076338 1042890476 2074459344 -1316228068 -2100587320 -2039042528 -1829263910 1266899668 -2070110744 1122546294 -1788652008 1486666350 -1937140768 -1321106524 1737293994 1994825252 -2094680468 1363676226 1502406100 -1765971656 -1324907886 -1663004792 1912611646 1161872324 1600528100 -1715736708 1761594444 1606104410 1716614002 1240220332 -1388915772 1497975786 -2057936352 1947303190 2010197940 1541341126 1282632808 2074660100 1635482036 1036736370 1156031652 -1783827966 1151286590 -1512651568 2063768184 -1620372246 -1595657578 1647069352 1947458810 1310523170 -1698076144 -1392177914 -1364099510 -1297633168 1947743714 -1695386240 2091196576 1978145946 -1349235140 2026072402 1397935344 -2063665538 1733875094 1780758330 -1407318080 -1460173888 -1740820678 1443021634 -1417478216 1781738670 2138477252 -1351888028 -1705095842 -1950134154 1012592422 -1699032208 -1419415792 1024561732 1592453358 2013400528 1287874648 -1888248566 -2036206410 1199831788 1131747200 1425721216 1381344478 1916207822 -2102397850 -1320469396 1359270522 -1349560056 1969713300 1592557966 1465169620 -1412580206 -1574703024 1448516726 1439485822 1324429942 1966640882 1357658794 -2055159042 -1439090242 -1537159766 2006892194 -2111528216 1316003934 1396003608 1711508872 1091884314 1136426296 1791330158 -1486268600 1563631386 1425830972 -1977949332 1602474582 -1470243848 1097033270 2057217154 1742527370 -1853282090 1392312434 1144302444 1634852832 2140932014 -1986448944 1535386334 2108890406 -1866371882 -2092542604 1196408274 -2053072122 2020516742 2005437558 -1956659046 1356388292 1594226752 -1476977650 1530256346 1006120724 -1537875698 1971332504 -2045536644 
-1833327832 -2078831810 1008513770 -1515218902 1212687914 1609103334 1909990236 1633107568 -1717320174 1738366498 1995979246 1091523306 2031415982 1696274210 -1557205780 2088785106 1038028510 -1875406856 -1948188716 -1695135934 -1917723338 1794199836 1222130942 1287120794 1694356276 2135044180 1408959462 -1295367930 1955831610 2023017872 -1524284300 1093952582 1629819908 -1352847426 1494309916 -1308904832 1780945836 -1452116080 1444677622 1227791226 -1735715542 1512692216 -1694344548 1406108056 -1783056612 -1760968000 -2138866326 1560021280 2019769942 1318289576 1948031956 -1363772086 1321385508 1926633872 -1377594412 1049193202 -2103871768 1455741642 1389813076 1662916280 1885825382 -2130700144 1637965190 1152165386 -1730091948 -1348505242 1702228164 1324652910 -1865981670 1509289768 1249848812 -1911337970 -1672094506 1559848540 1178735208 1948035152 1272821288 -1742308968 1216105618 -1657823686 2011657842 1344994484 -1343043048 1003880760 1057381950 -1940999648 1969903494 1771152922 1723289856 -2095865198 -2100157154 1267193186 -1535010820 2101368548 -1529789206 1231687104 1816309896 1935087674 -1758469614 1614541526 -1535147658 1307036266 -1961017998 1092307008 -1652830260 1747765400 -2100062362 -1504257834 1721090742 1500726306 1063758568 1204261426 -2098671938 1640534458 -1950288420 1559414896 -1365223368 -1371963176 -2142122326 1648245302 1838733570 1630747986 -1438602482 -1298014988 1423408494 -1689243838 -1443205076 1837061482 1857218678 1624396084 1042214886 -2024573838 -1636296904 1927176314 -1757770896 -1954366474 1464345510 -1949588516 -2121890014 1428800580 1296604788 1768663160 1488451970 2066745430 -1321199384 1051951066 2108791172 1039898220 -2042549600 -1716666052 -2121287236 -2047165956 -1478090342 2090035600 1273376608 -2140699084 -1901168330 -1844034350 1905460290 1579549016 1327461030 1713045132 -1765073188 -1938677040 -1442546296 1651718700 1395449606 -2076268574 -1963534042 -1426830730 1431389684 1197584738 2133572932 1147299446 1640867512 -2138284672 -1545219328 -1403420636 -1753741450 -1504086254 -1676381324 1481570094 1065982592 -1890714752 1998826560 -1711610386 1417695256 -2055768656 1065268922 1212202350 2107323786 1715981084 1815436920 -1854513892 -1584969326 1975521400 1533947126 -1483795278 1867930492 1660082512 1518815240 2115268058 -1903708132 1677069912 1840201244 -1905786494 2069546538 -1972829328 1225912040 -2012036050 2138700558 -1661718672 -1998510610 1246598206 -1483134470 -1529200612 -1617692860 -2054074230 -1957339812 2110142314 -1996055870 1780869458 -1456996328 1630683148 1135238166 1916228830 1379035340 1302523220 -1942406746 -1420635504 1416844636 1982869934 1345171248 -1988888920 1936921834 1087021484 1336452754 1422364832 1900621370 -1710406658 -1619413416 -1709931906 1357475036 1676789704 -1603211762 1888157514 1975110776 1562975002 -1568349058 1459489442 2050779986 1049463366 1189514684 -1448642820 1331677118 -1550223964 -1475544918 1021384284 -1875968378 2136599446 1045946060 -1651407926 1105768990 1981679092 -1824957808 1470066438 -1486018582 1500489124 1931039386 1106288316 -1799738092 1068085276 -1869130388 1444170324 -1500634812 -1442542730 1636797780 -1943616964 1910805248 -1374770810 1901821410 1914880600 -1885710278 1509673680 1474842774 1117899414 1526123570 -1509628456 2143800540 1757715934 1595847286 1743805094 1304699702 -1778553036 1743233868 -2114027904 1317020600 1004487960 1822337016 1925521196 1636167626 2113067820 -1632451900 -1732883942 -2007825462 2098745928 1946373848 1377121714 -2126048140 -1528855986 1881704392 1767637338 1589164568 -1947520998 2116744706 -1617989982 1468075500 1641491870 -1435178886 -1764649418 -1728352484 -1511991434 1391393244 1473089272 -1755089628 -1354320232 1822440712 1172323180 -2045629600 1986387562 1532428476 1669823830 1733204450 1473158906 1534810770 1862316962 1812730760 2028838790 1884124804 1964285254 -1604610746 2067889580 -1403150880 -2099929400 1692119650 -1801846680 1389171180 -1519943620 -1934222012 1137437202 1434435948 -2040366872 -1981943270 -2118032886 1844007042 -1636992216 1713508744 1347398478 -1672837186 1483964622 -1883268410 -1402442038 -1362005384 1626346358 -1934454172 2011844346 1967027318 -1926911558 -1439368740 2084089396 1409156468 -2069457614 -1328416142 -1604565776 2104738428 1503356044 1053637138 1406699954 1093722110 -1662979762 1662481998 1908944510 1985434532 -1997498262 1885602436 1912650434 -1624087820 1717909180 1474648824 -1452422692 -1420540440 -1905672158 -1903513060 1696484936 1222030444 1036950754 1149807706 1544226462 2122443486 1823109128 1539377564 -1950977988 1766055186 1888918722 -1815796136 1975391298 -2013225646 -1905909090 2006991488 1566464686 2016005096 2014519496 1755898526 1082166952 1311776490 -1619657604 1335287610 -1597540322 1257396782 1987523258 1858953854 1044742796 1371676568 -1525879496 -1460862948 -1757582052 1832712096 1020684948 1031914352 -1876767756 -2130647536 1769684434 -1886424096 1795210958 -1725373688 -1672871674 -1726294134 -2114891578 1269167942 2017796128 -1385574740 1656853998 -1470210544 2109082618 2127441152 -1596248608 -1427200308 -1587170086 1300627174 1838686174 -1571684290 -1453059290 1335990112 1403215360 -1872494394 1433350244 1661447608 1235910656 -2043873720 -1723567984 -1502670278 -1906133560 1128261588 1016702238 -2005721374 1783032858 1322337152 1485676606 1602314070 2112949096 1018118524 -1931584416 -1625752552 1480042752 1254051944 -1531844612 1373040884 1267920494 -1669584160 1931777418 1436442302 1602949920 -1555478950 -2019439656 1879096386 -1429704628 -1619924176 1637443196 -1998051726 -1987264750 -1717498370 -1504289114 -1434103834 1577607390 2038997554 -1778507750 1019134850 -1606297072 1603808728 1655807612 
1918488182 -1870341410 1332233918 -2050470194 2090681710 1997195896 1305714998 1663711490 -1484429204 -1918410430 1836031750 -1860350610 2147004492 -1588364216 1128082676 1624639880 -2120196210 2011232834 -1331043920 2073645294 -1926342222 1633266562 1867290776 -1651499650 1217938088 1134039248 -1937547066 1082114058 1284177780 -1977332426 1546980426 -1702432692 -1596566262 -2005784294 1448232892 1576628246 -2106566272 -1975248246 -1302778380 -1358682674 -1782878364 -1807792422 -1326231532 -2004583910 -1705608344 2037975410 1865574854 -1905761064 -2088658872 1763729378 -2006673072 -1435294492 -2092009670 -1854982478 -1740837462 1258440880 -2005976422 -2145376280 1305904716 1059548932 2068507378 -1843080074 1034932344 1461891316 1714776636 2108776736 2104332354 1677074556 -2009679866 1065444060 -1851398276 1444535276 2002716800 -1994615492 1234320788 -2072364070 -2073031930 1962737298 1952799682 -2138384974 1161191822 -2140511468 1149541498 -1956663692 -1577922998 -1697487496 2121133218 -2142677064 1866665660 1072114600 -1489039166 -1610251204 1523854854 -1638136738 2119406668 -1654917354 1042900044 -1584210340 -1735636152 -2007503864 1665519118 1611287448 1249962770 -1431732314 1817412664 1671378544 1615900780 -1552109276 -1503310106 1985429624 1663935378 1884527430 -1986837326 2004608174 1176461438 1308918666 -1763313690 1756974758 -1340954144 -1332726946 -1387713980 -1404349172 1995185162 2023953228 -1511578258 2099274734 -1654883200 -1773507676 -1318182726 1123393114 -1308686524 2062904216 -1999019864 1419883312 1523307848 -1425957002 1958682690 1865209772 1189140660 1298785150 1209010170 -2024198166 -1587744658 -2131646488 1724431634 2009055428 1197918182 -1388830850 1872243642 1993044002 2021623586 -2007313958 1916663022 2140378528 1083449774 -1902815338 1891422058 1197166506 1488943064 1370921964 1366603388 -1552983116 1415958436 1500586140 1897322014 2055188166 1223527686 1717836818 -1799752636 1131891254 1274434896 -1938154040 1891919736 -2084196168 1008842208 -2095874840 1435955880 -2035463268 1826717222 1720702260 1199285814 1589980238 1680593096 1487629864 1421794904 2085057056 -1329682334 1291367076 1045193808 1061796304 -1978501830 1388539616 -2111916990 -1813844478 -1315808076 2022651170 1789316112 1391978824 1800502686 1572287770 -2020797114 1228532284 2134296564 -2005893976 -1614963738 1743504940 -1569609340 -1658562124 -2121787982 -1332582130 1772562640 -1435026114 1648387498 2132913328 1852047926 -2137841740 -2016505902 1915294514 1272043348 -1357713790 1200322872 1136886968 -1865086808 2047861488 1618402356 2112709724 -1521669770 1169538598 1504110834 -1893978014 -1885922834 -1958979948 -1346546132 -1670828626 1262792590 1667762800 1642552892 -1802931590 -1923545146 1586773920 1618662482 -1472236478 1307654362 1089284282 -1570836992 1041149188 -2133609206 -1817578650 1330639102 -1734937690 1786858488 2029375470 -1830277194 1137568320 1394455056 -1795069230 1546158168 1534333802 1298773778 1133987118 1928215162 1184574986 1281265946 1849638192 -1630045618 1387963934 -1800612934 -1594033024 1836168176 1995362742 1971966416 1925238976 1959465840 -2116407334 1652667536 -1790114836 -1873686096 -1583859750 -2010617876 -1834734054 -1945727534 -1394902064 1279746802 1671843312 1348403720 2093736876 -1603171484 2116208542 -1781384422 1525712334 1713180818 1715747772 -1323291372 1372447424 -1702898392 2136244078 -1424871558 -1345981510 -1949909670 1962832304 -1458830264 1353866810 1689600170 1968010936 -1321003120 1629472554 1921323892 -2105225500 2045141814 1461215344 1711940366 -1606311596 -1536433518 -2014582772 1566135082 -2125167310 -1355397160 2122652940 1888046818 1322573900 -1845720636 1662171882 -1984401740 -1562307150 1038452280 -1449837454 2046700532 -1791227140 1011837118 -1587584858 1425479726 -1629197236 -1634282272 1048461550 -2054360408 -1655181802 -1743416186 -2105040736 -1525413840 -1644648620 1691078292 2029199128 2103102656 1373124688 -1830899726 -2012242044 -1520631124 1700552136 1993195602 -1315079194 1773640788 1108130674 1878993670 -1427726910 2113529286 -1410101548 1615031728 -1614057802 1408269026 -1470722586 1413112858 1716368830 1797826892 -1683703820 -1985107642 1682506930 -1678541398 1372636692 -1519390708 1815408138 1078484804 2030715656 1776056230 1174590174 -1610739348 1673936290 1850826200 -1600668694 1371617128 1842943996 1726442764 1283982796 1893624966 -1613600242 1963572358 2138314896 -1580675364 1333345652 -1737317828 1728189668 2082487328 -1533750886 -1378865506 1362702076 -1664025270 1737481946 -1443826414 1702803480 -1501999126 -1408509336 -1866190914 -1987664128 1830177492 1146980038 1855949248 1112517874 -1900346066 1118121836 -1628457062 1675848616 -2139111968 1003819008 -1869272878 -1580062600 -2143819218 1498658216 1984939550 -1798193420 -1931476294 -1560787990 -1400394286 1072580756 1694871078 1663670678 2094397642 1600968548 1890418950 1040956368 -1572313976 -1711945680 1778031640 2045537892 1278865242 -1388581364 1572846930 1474689282 1404105420 -1321795550 1031227648 1835626370 1635258228 -1573423804 2066839504 1240608884 2039010794 -1407222704 -1435015300 -1973555924 1070319224 1236050394 -1504116268 1155024184 -2049460164 -1923534574 1077685806 -2035364956 1231415672 -2056036438 -1962741722 1658477714 1832823834 -1332488298 -1987819222 1291808580 1944701682 1073109676 2023373380 1990033328 -1367634372 -1356158664 1955446444 2091093860 -1751646460 1105532902 1179476192 -2041394438 1406856132 -1427346310 1257529738 1031525750 1285842318 -1853467774 1565995560 -2073852598 -2102601090 1140047270 1114474480 1575325718 1851128178 -1368264552 1912363628 1822965172 1813383644 -1542687252 -1342325832 1246567922 -1364868612 -2038325432 1824527300 -2127512756 
-1879859120 1865274550 -1848113928 1818222078 -1955665844 1880976894 1528694586 1122945606 -1367627186 -2132776742 1868540086 1397284532 1457728450 -1413849282 1838877800 2037746840 -1622636442 1649657884 1350650004 -2042534084 1267957518 -1807769990 1176217368 1676493456 1267418510 -1832359268 1656129052 -1741430798 1278165512 -1931167988 1141570246 -1658534762 2076994258 1860728900 1469588430 1135611376 1917706658 1410651560 -2102921758 1325164462 -1971164994 1215637974 1618502938 1844629180 2144555474 -2035511652 1113605158 -1668215068 -1648604178 2024125610 1810460668 -2066925652 -1526280568 -1360153162 1604054618 1508729972 1020532426 1638282938 1774614874 -1586893392 1005988226 1341504282 -1685055292 1175514980 -1581846284 1327966780 1431369784 1753655978 1782985104 -1454639682 1475525464 1207195932 -1790501230 1783518986 1165628364 -2053756624 -1872382668 1263017196 -2073610008 1803258734 1089079654 -1617402412 1314738152 -1565178874 -1458047166 2016270386 1539451044 1718098488 1134889614 1973598814 1921853242 1310138476 1667238014 1654834056 1867285170 1366069824 -1803718760 1088022952 2001724518 1043599232 1330215498 -1847431506 -1313908942 1695080080 -1809039198 1906297086 1097256138 1591194608 1842879060 1608001306 -1896954520 -1533828334 1746696454 -1727901022 -1984337492 1759573114 -1883084084 1755403896 1525196034 1348691180 2022237254 -1692138320 -1391975818 1561165542 1334580518 -1470452940 1083915628 -1823485512 1496489366 -1870440346 2103291982 1497864030 1992980660 -1978632702 1246028728 1718868632 1584880300 1986400446 1514096640 -1598166288 1075227244 1552511476 1627792410 1092396280 -1395798374 1796398986 -1803980388 -1365031206 1922372102 -2014734816 1108108558 1408651748 1275155714 -1440286262 -1596693658 1867824884 1288981964 1754231592 1403562576 2099565826 -1820520380 1949362240 2016577626 1222407510 -1904109048 -1672388378 2053255162 -2119065886 1944194000 -1641228722 1842562438 -2055026174 2102740250 -1728789532 -1937414776 1463723876 1412195850 -2038077098 -2098658504 1508890182 1272835978 1489681914 1193152320 -1608123938 -1511114312 -1774409394 2026524188 -1343196030 1364278490 1565898408 1775131542 2136797834 1759741758 -1885611256 -2113179974 -1967941042 1738691718 -2124831988 1491954250 1216331148 1212345282 1646806238 1025279238 -1503715614 1775903192 1238219258 -2080112982 2013914548 -2067406448 1988205480 -1461283812 -1552499628 1701069048 1852499910 1120638684 1031175260 1738214380 -1350230580 1304795078 -1794706084 -1486756886 1247827976 -1810604808 1399865788 -1366020818 -1994595024 -1690862836 -1429790244 1180179710 -1652674022 -1921386102 1863465336 1228533060 1664001988 1190770338 -1665450158 1567769950 -1734703718 1352370708 1410445360 1781305336 1131848562 -1967193752 1636500356 -1552571668 2021028468 1572359306 -1651514048 1597925660 1995146688 1205392312 1311597778 1591465062 -1549610504 1378499736 -1657926544 -1790543942 1686855862 1064524648 -1603383988 1542062878 1539701690 1848807674 -1515186694 1101481590 1130253790 -1822994516 -1405622456 1253507754 1214486304 -1332943894 -1750818704 1927465936 1168177666 2144909560 1476415114 1006191084 1987510082 -1983723100 1958417348 1357845248 1459728074 -1788217072 -1537824376 1805243144 -1458993902 1160071918 1305766422 -1513315006 1348945462 -1897335294 -1817802738 -1739574450 1991463480 -1349227438 2011163328 2051796860 1759667182 1341580550 -1992967096 -2096788660 -1612072132 -1335863148 -1421654818 -1502058960 1321073440 1340057452 1507688600 -1680202910 -1760262880 1278890848 1908269864 1168720520 -1575558594 -1435746366 1379981900 1044606742 -1529330046 1967370120 1167453678 2005350640 2073824688 1140356484 -1735040380 1346860910 -1686715314 2052024752 -1524772182 2005131662 1000454626 -1409195006 1008515260 1661218942 -1615549728 1034152488 -1358905146 1475428222 1659965090 -1844883744 1919540728 1589665718 2043848316 1773886606 2034519078 -2113787738 -1623001730 2027768688 -1613768782 -1623200220 2064110000 2116984302 -1697720732 1903199748 -1788999594 1806660428 -1676530124 1841620002 2029858012 1327169396 -1421480216 1274774858 1063630670 -1609674728 1963524096 -1507496654 -2121136374 1410069038 -2131276560 -2035970824 1976426296 -1777777156 2000896080 1842414552 -1799958942 1797208042 -1584537878 -1766116294 1180130522 1092395640 -1986104954 2034081098 -1924802376 1434121188 1917895310 1579754950 1082615330 -1435427038 -1563462154 1544700954 -1800031284 2124155924 -1385181356 -1430905942 1461309376 1598253820 1590428246 1767839600 -2089719708 -1504246444 -1938503226 -2066654800 2027063550 2139524674 1978219208 1721673482 1578396110 -1755380660 1304526764 1595413694 -1851353274 -1833807030 2075468706 1012550210 1681981872 1884427812 1594255530 -1673207506 -1637171536 1356550066 1135210454 1024305160 1831830658 -1894450820 1811603792 -1920212706 1592212162 1060096534 -2109532726 -1997143510 -1797631896 -1342942500 1568316794 -1944819938 1707941934 -1996135120 1625298446 -1471233424 1383377700 1383389918 -1555260064 1611429080 1366256476 1355195286 1943233576 -1747305628 1617044704 -2060028726 1292647938 1426817002 2140142054 -1483153444 -1799033144 1159690714 1527880258 1035606648 1367654202 1844686364 1424189758 -1671041428 -1429934614 -2055268382 -1944729436 1257838502 1023996206 -1654002306 1297148954 2052790248 -1715021972 -1714073396 -1977054354 -1487193108 -1337786314 1322263366 1922474610 -2083054878 -2116779388 1277138176 1401549532 1841652862 -1301571774 1203946202 -1458477972 -1505639338 1822589968 1275355124 1747160916 -2104001936 1241797190 -1502595490 1691364564 1708479766 1632776762 2104318738 1620136482 -2038644758 -1614725442 1977408802 1173780546 1227530476 1498247218 
