3
1 2 3
Output
3

1
0
Output
0


2
65535 0
Output
65534


10
1356106972 165139648 978829595 410669403 873711167 287346624 117863440 228957745 835903650 1575323015
Output
948506286


20
1999581813 313463235 1733614990 662007911 1789348031 1120800519 196972430 1579897311 191001928 241720485 1426288783 1103088596 839698523 1974815116 77040208 904949865 840522850 1488919296 1027394709 857931762
Output
1536068328


25
39226529 640445129 936289624 364461191 1096077769 573427707 1919403410 950067229 1217479531 455229458 1574949468 397268319 1267289585 995220637 1920919164 501015483 1815262670 1197059269 86947741 1137410885 667368575 733666398 1536581408 611239452 947487746
Output
259654661

27
39226521 39226524 39226529 640445129 936289624 364461191 1096077769 573427707 1919403410 950067229 1217479531 455229458 1574949468 397268319 1267289585 995220637 1920919164 501015483 1815262670 1197059269 86947741 1137410885 667368575 733666398 1536581408 611239452 947487746
Output
259654685


5
1 2 3 4 5
Output
5

4
1 2 3 4
Output
6


