# IN
100
11 27 18 3 26 1 23 2 28 21 28 18 7 26 13 4 12 11 1 29 9 23 6 27 15 6 26 25 11 21 26 29 29 8 18 29 3 24 2 28 7 7 11 23 26 29 30 18 30 23 17 24 25 12 16 26 2 4 30 2 19 2 27 16 17 21 30 17 10 8 16 7 1 3 27 22 23 28 16 9 15 28 10 15 26 8 20 6 21 12 24 16 13 7 12 8 23 16 29 24

100
17 7 25 13 9 17 18 17 29 7 9 25 26 3 18 25 21 14 21 21 27 30 30 24 29 30 2 14 17 17 8 19 6 20 11 9 19 21 20 25 21 11 29 26 22 8 1 30 27 20 10 16 20 10 17 2 14 21 18 15 19 6 26 8 15 19 20 8 1 23 10 11 30 14 9 9 17 9 11 22 13 5 19 26 9 10 3 9 6 24 26 27 6 14 9 24 20 13 14 23

10
16 3 16 10 12 5 14 14 15 27

10
22 17 28 14 14 26 20 28 21 27

30
17 16 18 4 3 22 28 4 4 17 9 30 2 11 29 12 8 17 9 12 13 11 13 18 28 17 10 12 14 20


# OUT
11 27 1 1 1 1 23 1 1 1 1 1 1 1 13 1 1 1 1 53 1 1 1 1 1 1 1 25 1 1 1 49 47 1 1 43 1 1 1 1 1 1 1 1 1 29 41 1 37 1 17 1 1 1 1 1 1 1 32 1 19 1 1 1 1 1 31 1 1 1 1 1 1 1 1 1 1 1 1 1 1 1 1 1 1 1 1 1 1 1 1 1 1 1 1 1 1 1 1 1 
17 7 25 13 1 1 1 1 53 1 1 1 1 1 1 1 1 1 1 1 27 43 41 1 47 37 1 1 1 1 1 19 1 1 11 1 1 1 1 1 1 1 29 1 1 1 1 32 1 1 1 1 1 1 1 1 1 1 1 1 1 1 1 1 1 1 1 1 1 23 1 1 31 1 1 1 1 1 1 1 1 1 1 1 1 1 1 1 1 1 1 1 1 1 1 1 1 1 1 1 
19 1 17 7 11 1 16 13 15 29 
23 17 31 13 11 25 19 29 16 27
17 16 19 1 1 25 37 1 1 13 7 31 1 11 29 1 1 1 1 1 1 1 1 1 27 1 1 1 1 23 

# OUT-MINE
1 1 1 1 1 1 1 1 13 1 17 1 1 1 1 1 1 1 1 27 1 1 1 1 1 1 1 1 1 1 1 29 31 1 1 32 1 1 1 19 1 1 1 1 1 37 43 1 47 1 1 1 1 1 1 1 1 1 49 1 1 1 1 1 1 1 53 1 1 1 1 1 1 1 11 1 1 23 1 1 1 25 1 1 1 1 1 1 1 1 1 1 1 1 1 1 1 1 41 1 
1 1 1 1 1 1 1 1 29 1 1 1 7 1 1 1 1 1 1 1 23 37 41 1 31 43 1 1 1 1 1 1 1 1 1 1 1 1 1 1 1 1 32 11 1 1 1 47 25 1 1 1 1 1 1 1 1 1 1 1 1 1 13 1 1 1 1 1 1 1 1 1 53 1 1 1 1 1 1 1 1 1 1 17 1 1 1 1 1 1 19 27 1 1 1 1 1 1 1 1 
17 1 19 7 11 1 13 15 16 29
23 17 29 7 13 25 19 31 22 27 
7 1 17 1 1 25 27 1 1 11 1 37 1 1 31 1 1 13 1 1 1 1 1 19 29 16 1 1 1 23 