10000
15310	29941	22445	17182	44356	25464	34072	48787	49121	8788	34212	10833	6000	5730	43418	21237	6039	10331	38997	17439	35704	18425	16592	23462	13280	35923	28358	11789	20954	28780	16738	7416	41024	40908	23623	29912	21224	24355	43132	24985	3070	31678	39621	21602	44935	6226	24741	23634	21262	25463	26261	33065	30740	34617	48536	36667	370	16244	21156	16617	32087	44143	36046	16826	36850	1480	30949	24596	12647	12537	46823	29791	33213	37878	41044	3378	38126	27706	6731	26963	23028	12479	31621	15474	31290	43729	41083	42508	11801	2298	22360	42953	12670	48270	5439	5787	38508	49762	6287	17386
33030	36728	7101	31545	48328	47570	17367	24780	44034	39746	19207	13193	32641	24088	9619	5147	38741	49416	38288	46790	45635	18019	48666	28476	42969	819	28345	35760	33377	43266	9989	10079	8747	5117	25686	32125	39503	1945	24155	18776	2300	42255	13930	46433	23022	14793	28289	37097	9523	49533	44743	15346	4881	26869	8439	40624	44714	32811	31224	10620	40052	2406	47734	49293	37759	45413	31624	9258	14504	28784	2144	12971	30418	21165	11654	31172	5580	26709	2563	48220	47170	31634	6035	33634	27788	17364	4193	41167	11205	28378	48535	44834	22974	19777	41383	3845	7434	25944	32819	37479
13438	25107	30662	19813	3394	10921	38124	11664	12722	6132	31420	13466	49441	8263	6431	16483	32791	10558	43432	8510	29311	32890	34520	39423	49529	11111	18198	24197	46502	32018	43259	16716	47949	38349	47822	37648	32763	27706	40289	22717	44325	35414	13919	5114	48621	5613	8358	16243	39350	49884	7182	20006	43790	4837	39855	10341	7869	4493	31495	43089	15767	48692	22622	44773	30373	9730	37847	41546	6308	5721	47872	48286	22838	38792	27484	49713	1992	36630	18502	17686	37134	36647	37803	16497	40486	33739	10269	17110	33336	24058	44881	3066	760	34617	48536	32524	10255	31586	9289	48262
655	27960	843	31039	10740	10009	12213	17833	6768	42124	45443	24724	8859	10665	9461	43176	37981	9875	13602	38411	27029	29060	104	10250	20390	26990	35046	20446	43805	49016	44413	18051	16652	7316	26606	33308	26329	26236	30688	44276	2489	11831	45413	24427	24200	26147	11436	42390	8380	38047	1388	12953	45661	16099	5326	1329	28196	361	49744	15248	5469	7598	3307	7614	17379	25480	18347	17861	46839	21346	49985	5746	16131	33949	37543	33216	35888	16284	32349	36872	15398	3193	31914	42084	27173	36750	19433	3653	23976	27198	27487	6488	33797	3244	5111	32378	30318	13758	43647	34677
15841	19829	16936	36569	12844	18740	47666	45916	10953	189	18784	39010	28102	46149	42297	8229	33786	3078	18887	30802	32776	5845	26933	27933	24623	39508	42794	42606	3644	22465	18476	49154	29901	8478	20114	49184	25241	30633	8791	24236	48689	23239	17341	42261	45684	22142	6070	10912	40846	7299	29430	18649	42753	12763	17166	17043	49668	48418	3357	40054	9247	14618	12990	3970	45478	46537	42449	13848	26720	42231	15635	41749	30013	36667	9682	30329	9045	11056	28564	28849	3788	45081	27620	13672	7949	17079	30341	37392	13425	2642	41847	21797	7937	38469	22845	19408	4135	23211	7007	43968
20702	48704	13285	5362	39619	17982	5089	8970	33706	41012	2937	49220	6731	34207	861	43369	27518	12152	15270	35638	19778	35014	15920	47375	1475	48640	10587	48634	47749	31818	44638	8216	36431	48022	38669	28498	763	47415	39948	42798	25212	33810	32600	31051	47963	4432	21484	35158	20098	6462	19841	11963	39781	34970	47064	37643	583	4832	23221	25403	24719	10838	13312	46391	42907	385	40585	4722	7890	42467	6601	8551	43451	34049	41848	17139	23758	21316	13720	3539	5539	36675	20256	5116	2451	31569	15225	689	45706	35229	21220	35487	15655	18206	9557	16269	3134	33554	34217	37602
7356	44171	38130	30301	35759	12076	23659	12768	34197	35826	6283	3217	19149	41193	27504	18969	29195	9185	47738	25656	14117	35832	8081	42300	38893	26131	23261	15074	14314	33506	13625	551	34815	36800	28070	4311	11000	45054	38664	12841	16265	32356	30799	3760	17172	42751	34738	31463	36236	29120	13363	3760	38920	20163	6307	8039	14429	8152	12695	38559	6881	12239	22064	35544	27302	22809	16423	11595	18164	43706	45916	38359	41980	20071	31705	13584	17505	4474	21260	19822	15782	44628	46588	18132	38719	49778	38450	3375	13169	27834	43382	4338	372	41418	35087	411	17902	15943	9058	29371
34925	44617	2489	655	6658	770	42925	41337	41587	25713	45407	3052	10195	22843	37545	43469	3709	29351	30810	1466	11019	35292	31775	8543	20538	25283	14460	13013	24381	36360	9380	19347	23799	31351	48904	48017	38406	48969	4097	32520	47519	15297	7810	41805	49562	41952	34099	49487	19255	30273	24053	15492	31434	25943	5658	31288	16363	36807	2953	30844	12967	13666	9870	12096	38471	41746	25311	47992	21457	21029	39236	10609	30046	40252	22831	35035	22311	25745	1547	37996	27530	27274	30868	23820	37294	38454	7360	25959	41806	25225	25896	11997	48367	14191	34845	10625	12370	12688	8868	3239
41125	8615	16185	27683	5288	720	23720	43696	13713	17205	14461	22977	40750	21411	11451	26979	33424	46002	23903	14771	34654	43834	23303	5027	13725	23461	41429	27973	6002	36465	33636	43441	34518	31951	23448	20142	44270	12638	23721	9356	2924	44417	21377	11578	20186	46350	26670	17248	20144	12804	30189	13037	23295	15962	10938	19784	1864	5009	6695	39452	15754	15839	7890	22450	12861	5354	32802	25183	30515	3918	27350	42144	10198	20402	24777	35417	14431	45186	8537	12430	34538	2284	32329	36105	48089	9249	2344	49062	733	16080	39129	7213	12100	13387	44117	5389	1696	18692	3647	21361
12467	22604	43632	36541	8923	20128	31689	1169	37398	37749	22018	30492	28049	31012	32611	27965	15323	8742	35813	8221	929	16704	18440	46877	17863	42018	23947	34596	4440	5535	33650	37643	14636	40056	20437	38228	34168	39367	34333	16363	33890	43638	32142	28870	2418	7457	27453	48797	44820	17566	42840	7826	33706	27557	43415	32671	37565	14129	43043	37056	12448	7216	27229	13212	10990	32023	15901	17031	21849	27372	44451	44943	12783	17481	4291	6492	11388	30679	34631	33839	11181	15799	17357	611	13826	31446	16117	29378	17838	9903	4554	42973	23080	47182	8878	45950	26226	40594	16879	10093
180	25263	2442	9066	37627	33703	26843	1302	14669	35867	33158	6948	34492	11790	18055	48678	3563	25488	38133	30816	2808	46139	24949	2742	39522	42528	24659	37023	12222	34830	3382	38322	47503	8062	39504	16832	43894	32990	23142	26453	28511	44164	17655	39846	34060	25013	5174	37393	4432	29474	29214	31395	40458	34534	14455	24967	19989	49246	5569	21407	24822	37194	5102	13939	43681	48196	13702	8035	47906	23879	18699	16151	7216	45877	44169	30890	27783	31489	25594	5113	44734	18140	45529	33285	44176	8886	48272	24862	32014	23090	4294	42863	25378	12862	42722	5600	19100	44687	31235	26470
43441	37535	38644	10665	20353	47952	19818	40455	18091	19928	26220	1980	8755	34490	20617	14250	49387	31616	4883	17323	42233	25569	47085	12469	7508	27623	28083	34543	36450	3931	39237	18695	21580	15399	43083	12606	45621	48803	11022	27671	49304	23524	31691	10377	48726	19496	15089	15542	44006	8302	48963	1680	4794	9891	5648	44350	5261	30338	10115	27854	26386	25857	12683	33084	10251	1545	11571	25954	34116	13267	37711	44614	33522	11125	1031	7455	462	21850	814	5798	20276	11053	22502	49430	23708	15237	22366	24000	1155	43563	46189	7733	7954	5942	41125	2634	30885	33644	33435	43984
23810	43442	49296	33295	5606	43490	1309	21875	15924	47031	7659	25622	23015	41936	22808	30164	49523	35213	10422	1253	18555	45014	42182	23999	48128	13125	47080	46079	38645	43156	27146	2265	21242	48121	44053	8130	12582	25408	9803	32686	36932	29030	26920	5377	15506	32550	46841	19857	48	40829	20244	19186	38225	18956	9787	24469	7100	798	15572	40844	23536	6282	17256	15539	14775	4315	32494	14184	8871	19399	40215	40506	9669	38913	30631	47857	7313	19633	35617	33588	28812	5387	16746	41166	41227	38810	11676	34971	21668	31041	18636	1431	38256	25809	1888	2290	8067	24681	20845	1133
33600	25739	38956	28263	8112	17854	9182	40242	32018	6957	13795	23970	28321	16388	14693	47313	21687	11883	35123	45229	16242	29185	31440	21878	22151	39215	25510	23259	11665	7430	18932	30188	6250	28906	18587	39968	40313	36422	36224	36818	28127	37218	8568	25986	16225	41709	7325	21816	35359	593	41336	5594	5942	47140	31519	36377	42599	38704	42591	4053	20534	43233	44271	3645	17264	39866	45421	15218	43785	39323	14123	823	32477	12950	5001	32626	27213	46626	40951	12028	16120	38373	9964	46683	21074	20318	38167	9976	41053	24370	14991	4821	22842	29208	41111	38860	5557	32456	33037	11376
18770	24552	23428	17181	49439	29183	1306	42886	10031	49326	30494	41487	29346	37809	8546	21786	14279	12706	19169	25973	28395	8557	22558	25274	19314	47519	31181	16173	25159	10247	15881	16269	33721	28708	30190	31796	35750	13632	30693	38342	12093	30629	11112	26823	29604	3685	20032	10716	43280	43177	15022	33268	4085	5212	17005	39627	19370	3077	36233	41750	21476	4905	22331	28590	49075	25426	49892	47604	44548	28842	31937	12775	25171	33965	17013	42373	6371	19569	35833	47426	14246	34429	47501	34586	13560	30406	33567	15261	17364	27939	6252	45564	35957	24489	22496	7119	49339	25353	35337	7062
11376	5943	39255	19358	42204	38971	49264	20453	20954	37856	49454	26677	28647	36621	6209	33225	12099	48859	10119	47251	10714	378	11719	40122	41473	42541	42178	42590	9654	27267	35572	16452	20821	9226	776	17829	34440	29751	28649	45194	27705	5659	32459	36580	16337	47830	816	34740	45093	19965	10805	8380	33246	8342	25643	34115	25165	11967	16689	15865	19075	42537	45757	5113	23631	40492	49952	43601	3528	43464	28570	25273	32304	32157	35089	21509	47735	21341	4490	49355	46952	34115	43681	17969	45035	21205	27782	40258	43475	8417	6774	47354	27949	10993	14973	2858	24086	14932	1002	7204
14104	26430	29387	16429	20551	47457	29594	37945	6693	48058	47481	39776	34791	12958	29289	37174	45560	16761	33942	24769	38004	29579	26427	28454	15974	8679	672	48482	43206	45998	35817	8021	21425	35596	45792	39877	45946	42669	14745	45543	18519	38437	18679	46841	14661	6227	42331	42628	19738	15521	28105	35077	41359	36779	36445	43063	29936	8077	4142	17721	14481	5605	20157	8343	38355	37581	40571	36134	24057	42944	34653	37343	10842	44235	33973	24651	1929	30904	4339	16184	14906	37852	16597	19255	30817	27823	14496	29279	30049	47649	32324	9366	8794	12362	9073	11183	27077	6460	11334	41314
13068	49261	19098	35119	26990	18065	7906	21784	25320	46207	22422	24461	49406	14927	43061	34680	15994	7173	33822	1029	7846	46649	21334	41881	3447	41764	27984	31384	43235	35640	21883	12191	30864	45041	14115	21164	11401	33309	45350	15462	34937	43094	21290	17725	12246	44322	24451	30556	13754	11437	2856	24352	33247	36141	46080	48044	7807	47979	25766	30229	9293	35307	9889	14809	18379	6214	29504	39575	38230	46513	19766	39452	6500	185	26704	2572	5233	22681	29133	47662	47675	26147	23835	39745	33270	76	43575	34677	4271	18100	10766	26921	30889	25880	1241	1527	8490	11127	37594	11997
23294	3464	25667	35134	1673	31555	44936	8937	39263	40986	6661	48393	30359	8582	23666	3130	46694	36670	25948	15547	17517	12159	16551	22263	14956	1217	24445	9802	43229	43016	39329	47013	45782	3434	3120	14193	28690	13304	47851	28870	37180	41961	35490	11743	42265	13133	25582	13376	24495	44929	20127	21954	20876	30671	4042	19047	22916	36233	19905	27926	17858	38504	655	28977	3434	24070	48692	2200	48003	19005	3403	46262	41616	7146	1189	3563	7631	30809	33283	13033	45146	26122	37353	15211	43880	1243	44517	12007	46089	26116	32406	18164	49546	10435	45894	15538	21148	29272	40911	31728
4007	16917	43101	288	14483	34698	202	12217	14184	49341	49251	42762	29832	40630	13689	30093	5459	7569	7992	21329	41472	37142	28773	21963	24601	1727	21791	16056	2220	19834	5632	26831	39382	13530	17159	47461	18493	38981	22573	39298	43391	33147	7659	53	29047	18151	42575	33671	1136	32205	43727	8721	36617	21104	36062	17567	1840	31992	16741	5402	86	28399	26742	48912	42499	2022	34343	8922	32666	41951	18216	43778	39661	15261	37251	49526	20132	49966	45061	49223	12824	49070	5433	25910	29714	16958	6547	4281	45503	39221	8187	24252	42750	7699	21555	20770	23080	11068	13454	34825
13584	37796	47990	35533	17713	20901	29135	14528	2993	41460	6892	16070	27345	3868	45376	29844	24586	3254	14992	32372	23649	13468	13535	4456	29521	46167	4569	27538	19670	48958	46480	16762	19717	41823	21126	7022	43877	41887	7283	32340	23558	28669	47220	33399	2524	25723	19318	39200	7701	14086	31994	40930	33739	30777	3715	42443	2082	28891	13806	894	4415	42667	30835	38305	1636	12213	5040	46911	13036	26254	25193	25504	42798	44286	11492	18822	13835	41433	29630	14878	12713	32092	35812	38849	24681	36061	44462	39312	32157	36699	47917	14302	40934	21719	34498	40156	27872	1111	41359	26582
37141	41996	33990	30530	18118	38987	12921	385	15457	40663	33364	14950	19130	21657	6836	36182	46987	7844	4205	11774	7957	8380	35508	2796	39431	47961	2477	48134	44395	21456	26072	11397	11462	13072	34059	3803	46488	15138	22525	12589	28645	39704	36772	10446	27326	39619	29148	13231	12215	31712	427	21482	4364	17037	44847	32125	13014	36565	31104	48128	29544	46952	8155	6860	1492	45837	22165	27269	3563	2931	47424	18079	26193	28008	21883	47412	18831	38183	44085	38607	40272	28947	12443	12699	45425	15976	12161	28515	41438	26581	10040	10274	24981	45609	28842	11939	38205	45094	46240	21831
31535	41000	44753	37875	14644	43814	29651	33980	59	10788	35124	33365	14757	46989	16749	1675	18276	35344	7252	26106	31318	41574	5241	41806	7234	16284	122	43060	38534	11066	43269	14880	16346	47732	36519	35929	40228	1342	17112	18431	25497	46438	13154	32307	17638	19379	8087	23458	19988	716	46663	19461	15694	44446	13451	40519	27951	30605	7159	34308	49281	16001	30777	35569	35934	49603	42070	36692	3097	3628	23579	3980	34859	14604	41620	45137	39281	11048	15082	24607	43351	48385	39889	32325	29944	3450	24260	19410	48313	2279	33421	3044	37562	21542	38823	28335	44342	9180	26103	15237
16994	41462	15435	34862	3409	35680	30541	12082	7830	4451	7440	27968	14911	33504	43829	12521	41953	49473	3285	45859	16193	24372	26371	44166	16035	28442	41891	18764	16010	17924	4316	10380	39096	27163	33139	39969	37704	6322	35275	30108	925	5304	20866	24963	42502	1576	27975	3039	49839	32722	10307	11242	27438	38691	14970	33899	10561	40800	33559	38931	44098	11711	27494	5062	43715	17096	47335	18437	23077	16405	42673	47426	17847	23342	15793	22004	46900	29579	47096	1786	24030	30741	20217	44788	30786	15166	29277	10793	1340	44957	45458	13292	34830	48338	20988	45473	27368	38672	21438	26134
21957	21456	4715	25258	20280	22015	38116	15194	28232	2093	9591	6166	26665	3625	1078	21293	13863	29988	16985	30805	47436	38275	3199	16647	765	47473	22942	19306	19338	10443	26552	43627	33012	6142	24766	10732	36185	32525	14903	42337	30003	45203	25520	31476	26578	47738	23467	19950	3983	11019	9490	28884	9823	20502	36467	15829	9690	41055	34147	42139	10615	36787	12198	11838	16025	14922	43387	25546	10711	31098	6441	42795	24105	35189	43982	41595	13160	3859	24054	21949	49520	15011	10489	17847	15513	12398	16150	29446	22877	36405	14715	23244	13353	27772	26432	4754	13823	3336	8649	25966
44529	1841	31727	19086	45906	38248	25010	24195	42638	37910	17075	9578	23131	28893	1458	38759	8487	47139	43689	18637	20645	22731	49626	14191	37296	32582	47884	41519	6313	15781	23960	14014	3917	48800	45334	14383	2823	3388	43522	33945	37211	23206	45217	32657	45982	22551	39377	102	48270	47265	7902	29220	41450	17180	36368	45632	38499	28781	3413	9677	41139	10550	34511	15522	28573	34900	26096	31935	19442	23669	41783	43742	12973	36938	44516	41912	10322	8161	28007	37071	40003	40625	40221	22214	33823	44177	24904	39013	25363	39526	4037	49988	44210	42693	19667	4192	18886	431	33753	6723
15295	11908	32458	17530	43276	44615	2945	10581	6090	14422	42856	48882	31052	1059	16454	45897	36114	48673	28029	5606	7485	18126	30139	42966	26499	6222	20920	27981	6987	40092	47819	37759	37740	24043	10295	45334	14792	9268	49909	46450	39530	40356	1564	15938	11905	25955	39635	34677	24689	22497	47253	43586	23870	38796	3400	33613	44340	6115	28393	17394	2763	48355	24885	40518	39071	46681	17241	8100	14772	1340	49094	49140	24668	15858	21035	38618	6474	17118	15612	47116	9850	36887	30021	18163	46594	41165	1434	13416	33917	285	2653	31123	8423	29035	43787	43214	33859	36809	30073	29819
45743	8266	4594	33136	23147	35597	13838	8489	45294	47441	39436	25254	283	3339	29809	11668	26183	37111	36137	46453	2017	44908	4773	40108	20390	33163	21907	43780	10972	48322	275	46217	32209	33415	26914	11708	21897	24480	31829	41637	32645	43919	4216	29173	36687	33489	14755	18109	43278	33974	31535	2229	24612	33898	17932	4350	25729	38401	43061	19652	17757	14653	27503	1132	28688	13277	15894	35371	37387	9340	43404	973	10865	39374	18896	35712	31668	22448	10106	46308	9673	24738	20138	37527	37398	22744	38038	19980	30536	16700	49138	15290	23728	47279	17759	20403	32232	49997	39398	19358
14297	37885	41403	4807	29924	22120	403	26369	14610	34929	22432	17832	48616	37362	27759	37044	40365	20384	27978	18928	6272	15257	32642	35963	31895	18282	42596	30274	12072	19139	38231	44361	48090	39073	7442	10627	4509	44440	29151	7920	43051	34422	14573	11398	44697	15318	47896	21237	29282	147	1614	46058	45205	9783	38733	46829	11830	43017	27678	7931	8526	45361	8384	28017	44400	24802	11906	33115	44845	44761	36455	31237	17836	38320	10315	23163	29701	6031	4264	4332	22476	1452	43239	48215	38564	3165	9232	30796	22290	14348	19399	7654	1606	4602	18415	28579	44636	38175	29361	560
26031	870	24697	45815	36807	6841	34178	40941	48932	1894	30127	34360	10903	46287	11446	42966	42912	43478	4673	2710	32816	27067	41226	41466	30908	20889	8659	20752	2981	35950	34974	27955	43546	8183	22296	30836	2952	8124	17669	42945	28824	16185	42964	28209	10193	9993	19478	21814	27492	26823	20149	45144	7389	30080	6275	48250	1411	29012	16189	16579	47282	26348	47903	44366	25758	27053	33452	44313	23030	30546	19746	13368	2716	46319	24523	4484	49846	40387	33198	31512	43607	14820	8381	42807	36814	30453	13225	39686	35089	37486	19103	22403	5893	47282	41911	6663	22918	3386	36793	16043
13989	38500	39182	29613	22621	17245	44067	9985	16959	45813	22085	42073	38540	35018	20193	41001	10610	17106	6817	34755	39273	3777	21475	37818	36575	3181	44545	30968	8088	996	13314	25754	31711	39656	2153	24818	23599	32099	33062	8062	42604	48791	20022	47988	49243	23820	20217	28925	32347	15606	5398	2618	40722	13548	22797	1660	28632	1639	14965	1453	24258	7071	4532	7186	20277	32340	19551	7962	17807	11785	23389	7725	17819	29191	4529	9493	15670	15540	5495	40065	16061	18941	41415	6420	30734	43960	1071	25710	38086	27659	19346	49631	48606	27096	33023	7539	34505	27518	31136	17831
22631	21900	13448	47660	23106	20337	4370	34729	8592	39743	13906	40774	32020	1548	26209	1488	34720	10827	27653	36422	18028	12791	40468	6322	13960	27529	30786	34880	40653	4965	46019	42268	49668	7235	46613	14374	21246	42923	36494	42683	37796	17342	18166	47536	48413	9753	29717	11719	45062	47822	24133	2591	44258	16398	39168	43143	28372	30556	6717	48996	11789	30412	30171	31855	12803	9120	166	45506	45532	3095	47882	17027	16985	18117	19777	44118	20933	17297	26438	7810	19840	28772	47620	20897	30323	41179	5668	37815	6422	42265	15044	14915	2072	39762	35780	9148	30211	31687	7865	19910
26418	17790	5224	36103	42104	8305	41694	1849	18482	6076	36957	16377	6911	36246	44160	44927	39049	8594	32325	1235	10926	35667	1051	42705	27258	36840	43013	1332	31565	31271	7219	16675	18039	21160	12001	7141	2624	12112	48995	25097	18891	17932	17679	40207	17199	5926	49526	2171	15940	38247	11832	5653	12296	43826	37615	3409	24972	35446	32367	49204	30767	17272	26383	23175	33611	34752	19813	3241	38119	5482	32391	43800	39166	27868	14410	27477	38554	34845	24665	16524	1601	17448	36102	39413	47049	4652	118	1369	16125	16816	45299	45409	3658	40495	13733	4518	35275	8365	49436	12879
22288	13717	21142	33515	38824	328	33306	38601	13815	34822	17572	25168	14260	19167	7095	1100	6967	42957	16908	43632	20240	40394	40789	6301	16883	5822	48343	25262	49982	4919	23027	7228	2976	14042	32962	5478	47309	33205	33888	26783	48603	48640	37492	15567	35646	39357	10868	29674	26450	16817	33494	31543	22122	37528	28895	24025	47948	21980	25219	47959	45649	8335	10517	11521	6890	27438	41199	49202	9768	39349	27351	2366	39466	21324	42603	39936	27047	37240	12542	26211	1255	20808	2448	15678	10734	8327	47280	18388	38604	18331	35302	33352	47190	22747	561	39892	42836	16378	20323	6425
41014	39181	38633	31112	25630	16970	32145	39548	21290	38934	6588	10945	17265	30682	7768	22415	40758	28637	44433	17705	8487	42755	1183	22950	47728	522	23575	25426	5396	28476	44366	13009	7941	11519	49973	34563	4422	48150	40727	10037	23967	32233	32384	26488	45890	42617	36403	23463	10204	10889	4204	48145	48275	42097	45366	48287	14358	43398	44347	10065	28014	30970	46700	26704	24457	5305	40790	44915	34474	46060	23657	35014	33384	28345	4690	45418	35742	39035	25049	5114	30076	2018	42048	49788	46976	39558	39322	34190	34335	4558	47967	34522	13368	49466	1216	32447	33070	1032	36896	28647
49586	20560	17063	2722	3405	39391	14610	7251	16410	28967	41559	16295	33015	1273	43509	15361	27825	10906	24109	32905	33817	30022	5576	41099	18890	32303	14037	16173	43050	19968	6921	16604	16044	28872	28676	30292	31975	5360	20133	30509	47546	20919	41848	24594	49120	5001	41259	35849	18460	18029	9428	33260	231	8992	38787	46629	23599	47671	26864	26488	30631	21984	48015	28543	36281	38240	43410	15494	23198	4673	33492	23809	13630	42108	47440	5295	31380	6120	7268	10872	17703	40408	2537	43010	13130	32643	1082	13124	6243	47154	36270	8481	43278	12782	15584	22097	27638	46543	44327	29215
45735	11011	19622	17585	49857	35029	43556	9304	32629	2599	38878	18618	4527	25987	49216	46790	11462	37981	43765	33567	1564	39076	17428	19566	46644	322	21205	46958	5329	40857	37400	16955	7037	23118	20447	2922	22241	5047	37861	14045	22819	1156	6367	36251	18597	17915	12602	173	870	26317	34163	7936	25269	20652	10656	25143	48852	37630	38835	4883	21029	25982	44567	23383	40880	39620	22642	44503	1813	42064	42658	29851	15201	48048	3361	28555	9223	23272	4648	17628	23158	1024	37535	49059	11165	21034	4576	17711	28192	44748	40453	21902	22231	8794	12429	40689	31452	28204	17914	16209
4472	38813	375	37845	1221	5034	14354	43101	13839	27318	7013	36782	45378	14162	37428	2893	42873	24357	23071	41816	30471	13511	27482	35247	35113	23428	9278	36824	27769	5488	22221	23636	33296	8499	2646	38905	26252	16205	6686	15632	9516	38561	48124	32665	29131	13293	1094	3236	31251	21930	8723	40905	32753	18080	21921	4339	29003	39104	5121	15699	11536	18450	5959	15942	435	14969	38267	31403	14424	49801	23349	20434	17068	31539	7818	43549	15252	48808	14452	3877	11130	2667	25991	45548	20044	43183	34278	13461	23534	31548	31986	40062	46221	20767	40471	4279	16664	37513	11105	31316
22410	34151	11715	677	9548	20781	41020	10835	48435	45924	4406	16370	16807	48035	32672	18587	1282	18241	30715	5948	27845	16202	28051	10034	12814	3139	42516	7123	9642	27371	4118	15916	49627	35918	2967	30711	34933	27358	6513	23854	18268	48260	47028	30838	23347	33995	42920	36872	4746	20728	38317	8327	39018	27499	7831	1684	45577	8039	15292	2326	46390	791	40339	31714	10209	49830	49388	34989	40874	14434	15472	37662	1793	32316	42694	9497	1796	41812	24328	27614	16652	10426	35516	12272	6974	18366	41108	7831	45123	36338	40938	15819	22043	27479	18037	21595	27214	7305	27789	24817
45963	41011	31760	46796	15153	41624	43365	27335	47249	46384	25617	17634	36236	32223	42282	27184	36686	3173	29156	40902	7093	34429	23022	1557	33041	42720	41589	41978	27655	29154	19044	8783	12891	49834	8588	10302	36957	37542	23067	7301	9656	29220	29114	39841	11761	21478	22481	37509	45401	44019	4480	20159	13456	18574	26095	45881	7478	31741	48809	15672	514	792	48898	5589	7291	21522	47933	45655	49835	5813	10900	15384	42899	11922	31656	32538	14106	2257	43158	18612	626	11702	37124	33960	17492	32510	3036	16200	43195	28903	20203	4100	22559	13483	46198	20931	9834	21089	24232	31323
47103	1428	23815	12235	30108	16155	35126	26163	106	46178	9870	40940	48748	35624	45802	15170	42898	37586	43001	36260	12715	26641	15296	40383	25579	6289	2730	48551	1413	24930	33331	15480	8634	25467	1467	14343	45789	33776	5405	24409	1339	45090	4888	6900	37109	31674	34453	18505	34443	16975	42814	31707	9756	5199	31895	25859	23006	43471	30983	30278	37168	5361	21167	7563	17796	20922	27921	37091	2692	40552	30481	39360	45775	24019	4224	42013	3693	40820	17985	40333	12075	15461	8072	33014	2955	34714	36562	32997	41675	34180	17516	36058	22227	47635	12143	14198	48583	40724	5713	5373
35932	9741	49007	40819	27123	10595	27489	42203	31976	29801	35558	43266	4541	38673	2441	6359	36915	11334	2855	7702	24408	35028	39537	10681	11944	16408	27883	12887	32593	21037	29919	9503	13983	48438	1940	27261	34933	41583	27260	4119	49070	30663	17962	27623	3653	4227	8988	38529	37454	15817	45224	41130	25634	8696	23123	11121	23830	13722	12166	45062	187	2343	47687	17833	14097	44873	1790	31349	30575	21005	9323	18267	42703	43649	49923	30828	35581	43989	38463	45549	43786	33143	15303	40392	49349	9584	33455	7414	17127	15467	25028	22419	26049	36486	42060	38293	42879	20541	35149	45342
22595	23322	41174	5426	42755	111	18758	42827	33592	28677	33075	10569	2898	45723	22039	22730	45562	37272	249	28132	36366	20878	12649	22225	31112	33887	4811	21261	28232	1591	44816	49555	27173	35959	39918	43712	27935	13216	36068	49675	43067	22098	31950	26257	14912	20814	37789	40874	25138	35729	42784	28020	33804	37028	47397	1589	21798	48022	3149	12839	24850	3738	40757	12444	21128	5915	46596	1600	38935	25997	49355	332	6004	44910	42374	11132	2169	14495	5356	46476	6342	22219	4887	5520	27898	33014	13637	38338	38507	42418	3346	34166	49353	34044	24421	44626	7850	42602	48600	3937
17854	43354	23442	26554	1695	31417	729	25568	20163	18597	26418	47681	47365	1342	11758	21505	24936	34173	37602	15348	36444	48985	4766	22102	34660	6131	21266	26142	27667	42958	16880	35624	23426	14728	42309	27100	5206	22062	5716	6268	22081	36220	9523	17435	7480	27038	12208	27828	24369	34170	17778	22155	43886	42884	39004	45120	38951	7571	37947	31828	32411	49636	30209	7562	34870	25222	19555	20017	8049	4368	19325	38654	34059	24001	26439	886	45985	32491	35978	36916	1526	41418	7056	8073	15260	37720	43066	44149	2008	10617	39159	42903	1619	44951	47187	26591	30188	1037	17930	13366
31371	46708	12796	26390	18097	7026	6491	6076	45335	8300	44103	3000	10151	26519	45996	46382	38737	40962	47911	7543	9089	18592	27383	34136	49929	19026	15179	5177	37319	19374	37947	20676	12242	6586	15095	16255	19149	41032	30600	10703	11973	35681	20058	30917	1855	41472	19376	41483	40808	36428	1532	9509	43982	41411	37678	3887	40050	41964	20256	34966	12061	27983	49600	3927	11407	42279	754	22240	48080	20994	43925	3367	27540	36525	30912	22685	28107	31851	27981	47496	4821	48652	5191	43294	29783	16069	13707	3494	2790	41601	24079	20260	16128	38853	36694	27344	47877	1962	25649	795
37545	37286	34352	28732	46981	39385	11162	16971	4310	26353	4189	19707	28874	43504	44770	18518	1948	47378	43008	48788	29691	7920	33269	18133	37634	6741	253	42052	2530	28067	31224	47583	27731	44225	8335	39399	19223	12237	43935	41487	20192	30486	16432	28669	33081	36401	4945	21957	49276	30601	47700	26444	24535	47355	1523	39677	15859	30529	49163	27413	45737	42556	21248	4413	828	38242	33127	12338	15082	39333	29580	21937	12427	26218	2596	22181	46963	27132	26259	4856	3729	20642	9093	8194	12474	43942	25610	15874	37419	7436	12485	18256	8820	32711	17258	27568	20337	22323	33754	1917
33362	33133	27199	48846	38650	4901	7824	35243	37232	28485	15207	11403	10026	23170	9848	44418	28998	30969	19750	3029	43665	5253	29496	31075	16699	37197	31422	29568	46812	32347	35300	2137	31842	33463	38425	29043	18497	17805	19407	31155	32016	34527	34125	29524	15738	21969	12082	34738	5076	45501	48731	31326	39319	41468	45509	17059	41277	11679	20110	42931	5422	47769	39682	26436	13080	2415	4258	12065	47095	29	21751	41488	29729	26671	2541	42814	12536	35921	39550	7571	44464	45207	31949	15301	7656	30324	15786	22675	12345	39196	11686	43069	40503	537	33647	31865	20052	37422	25853	26606
35602	9068	32827	32680	17401	26400	22258	37532	12635	28475	22028	27073	3285	14763	47474	43496	49678	37108	49702	28629	15652	44419	29572	15288	45567	8233	266	17800	33348	38055	44923	28086	49202	3325	43176	11282	30989	48623	47691	35500	8121	16959	37960	26044	48012	16966	16785	19461	44018	37005	45713	22980	35415	26275	164	26807	49267	24097	14370	466	4821	47183	40233	38409	27927	36385	8217	1664	28478	31622	43008	20121	47210	8940	2507	12974	40387	29176	43403	27292	41824	41313	4731	41318	17858	39406	16496	19725	5689	4711	3540	8876	12622	12327	48410	6747	24923	14132	28532	15158
9332	4505	47646	33191	47626	46122	8628	1414	35467	3321	6970	13271	7877	35828	11116	16721	46103	24375	25383	26457	7747	32623	5186	48583	11089	32363	37058	24555	23115	32844	3453	15621	2629	10675	39963	20509	27743	12426	20091	25687	2395	24090	10611	28520	47962	34170	37763	47931	23881	18975	27350	39453	32867	28614	10952	5665	21091	43707	45117	29528	11407	48338	30083	27484	5013	49304	49859	38057	23240	14964	13513	1999	29960	5390	12065	18387	3036	42480	13755	34575	49609	7531	37609	48798	35964	21618	30587	15227	20628	34377	25834	4725	10465	48011	31788	46546	47436	31762	7243	45534
4482	47533	1108	28400	12663	11542	48435	17039	1848	1184	14399	8889	14452	34711	13745	11971	14723	48521	46648	13480	47819	12226	43190	20107	20037	29427	16398	17868	8277	1173	46867	18343	15277	5901	9271	40452	32813	12081	13280	46567	33411	40745	33956	23430	20332	20958	47669	30988	46251	20774	35683	4806	39077	1305	11850	36308	32192	10810	23034	31567	44434	48538	9743	43923	1886	43286	8599	5618	19830	29173	13307	11330	2861	15260	28538	37167	24009	47929	4759	4519	7748	10826	21032	16405	17759	41816	39593	4112	39978	9565	35444	5601	11749	44204	43076	32830	14177	10420	28302	28305
31228	6476	39049	19396	12523	38047	9753	16375	15138	19495	24331	44814	43285	35163	18934	17662	25142	48837	28147	7176	42925	4558	19527	1724	30478	45466	2598	21563	47191	20708	32732	44996	27407	39896	6274	12746	28438	38916	15265	39157	10624	10010	2167	18199	35626	12022	28869	33936	20368	17701	35233	19203	46613	27485	46865	32815	9291	47370	1511	24307	8967	34859	17305	3070	10146	20771	11740	47897	26365	29602	3238	31873	6267	25539	19687	12752	17289	4428	45178	11430	40479	34334	46226	35265	2345	20567	36818	46088	32902	35505	29985	24053	41897	22780	8704	19874	40526	44895	35865	8347
16534	46387	9054	24803	23307	18464	29280	47840	37108	27094	27716	39456	13365	39188	20369	34175	34378	36417	47166	28408	49592	7272	19211	3404	29288	4249	22352	16200	15891	27495	35144	28503	4770	49219	15032	3702	20024	26766	19346	27	49541	33115	19602	8643	42599	47090	23474	49462	20747	47160	16392	30514	30860	40581	24014	8359	45764	48127	41682	45544	34896	36985	31278	23975	299	42409	12752	2609	11855	12602	28619	16749	46330	26487	41645	16115	31915	36417	43896	21647	7264	31607	12386	48490	38444	34747	32582	26882	33337	21239	35276	23665	38386	478	35822	8353	5827	11987	16600	41571
24005	20946	27320	16254	15947	42789	34555	26704	16345	2188	5006	14656	20765	37217	19240	31350	5822	47522	4830	3381	17154	20987	16790	19083	22139	48106	37735	1047	33135	12040	27761	37868	25925	23138	27435	46011	30898	45420	12785	13705	33616	34896	42005	27281	43924	9336	43861	40904	43662	31966	6354	22304	36450	20659	15780	21434	20174	29769	33490	32237	19022	19782	9942	4292	3475	29021	16748	22968	38885	12803	37965	39026	1122	39196	6910	47677	43254	4728	32842	9946	41416	11614	48048	8335	19705	20775	43257	22118	30856	14124	39910	30500	30543	46697	19837	28728	39970	7983	22045	28415
14318	4972	41579	47410	14607	41338	24868	20016	21905	46408	25749	30794	20107	9814	33359	41241	12950	35589	41647	47005	6207	44416	42643	38975	39642	1254	46707	631	36211	37906	22415	12806	38704	30105	14168	12428	3677	42771	47807	4682	19436	22613	13736	3714	12817	16444	10119	31773	10988	43657	5402	908	37722	29911	32559	20890	6292	477	35358	6149	48308	44541	17832	19775	32061	43616	48258	20704	16003	32559	40052	11033	10322	10251	3164	39317	15622	28453	33105	41217	45046	7733	20387	15129	3009	3296	14248	24373	28895	1401	1761	33141	12614	18268	39651	27110	12599	14632	33962	15305
20491	14312	4244	44421	46708	24348	36009	46767	30098	37528	14562	33548	2673	21305	10610	33538	27281	5578	17179	2506	11818	6652	13583	31505	38457	43832	23194	9144	1573	6772	40966	22546	11936	31846	47651	177	31260	34278	13474	12599	23442	36715	48322	38437	7082	28655	38296	9705	2040	25478	49764	16632	8246	15610	7640	38308	29668	9833	1782	11463	26571	24494	30708	17912	47353	41667	10178	29149	29468	38737	8721	16190	27083	48056	10077	40297	39765	43810	31187	16046	43223	22607	41163	48196	17472	31075	18665	23788	31368	37063	22879	6803	11466	44412	27905	15532	24279	35367	9111	29317
20327	21781	42922	47690	24280	17073	16027	17352	42892	15530	10577	37742	27101	45823	6318	24151	8843	12822	47955	1324	4293	28063	30946	39423	11885	21291	9256	26147	19788	32558	12213	5550	2498	44281	17760	35962	28159	21762	37050	11082	38090	20072	6360	2251	3153	23754	8138	14527	12131	13872	31957	9727	41094	37572	11716	346	46199	11167	42654	20866	9212	22894	21591	15980	14754	1451	3260	24985	15139	36376	30428	46612	34782	49097	32443	27602	4122	302	38338	10504	22506	27455	5325	6336	12715	14151	30063	30320	27098	16246	43533	10890	28008	22264	35978	5866	11735	15504	47389	2774
38895	36108	47580	4689	38784	36542	12992	7626	36006	25397	375	22965	42820	14477	11737	194	8568	43271	19196	32766	34570	46019	10821	20074	38724	29076	38596	45272	34578	38224	8252	36829	41782	4662	43618	6848	33944	1814	24767	39016	49239	32398	295	44919	8983	1198	16674	4340	49776	11770	42469	13948	11881	24948	35973	3836	35732	46261	33668	19859	7149	23186	21244	42701	29120	38601	847	12900	43227	2300	29415	44779	7588	43633	15028	29579	13506	198	10278	25825	24473	256	8169	30550	27495	29270	1516	7958	16431	15065	7009	2316	6657	6241	13868	11044	13429	49709	30039	13585
24593	11222	34277	14221	45223	14105	44648	24245	1371	2747	18745	35371	3466	29525	11624	20010	39664	42207	13505	2714	2251	8401	26599	34189	36874	43794	6349	38166	37647	27201	6014	36448	17908	1850	32008	8635	26428	6607	19251	8743	47980	15365	6632	17486	16629	21261	31745	24107	4186	34474	45257	6238	7732	39072	27013	72	20182	29799	22322	49987	27723	41665	42233	36538	42136	33442	2865	28659	45156	47664	16011	24477	32230	48403	17151	11667	9339	10358	35942	29112	40592	27781	16456	42535	39647	14420	41008	43773	45730	25360	37945	37525	31442	20739	14666	22738	33889	2186	33911	21523
24841	26577	49559	3669	1634	39836	37438	18601	32101	17556	32861	36219	37955	32767	42651	15254	37123	30609	3147	21936	17466	26189	19191	6633	40488	44936	18008	15229	3568	36077	28279	14089	20474	31827	42312	23937	41255	46587	41218	7928	18513	24822	36930	30103	22876	15327	12662	27688	2823	8075	14380	34922	26296	18961	25962	36167	4350	44154	24451	8208	23647	36707	4861	37166	42171	184	5518	43772	1783	30669	29021	15079	7568	1702	12324	9553	8976	20254	13657	13455	35793	32238	31766	46356	42383	37533	33971	33324	9163	365	33064	10044	14722	21157	17125	26316	27432	39944	27362	19934
46963	36419	43027	1241	21483	18114	34876	38910	40165	33904	38191	4497	9994	18480	37783	34215	23846	49495	21215	6498	47820	27278	10854	40389	10571	16416	24719	37408	30810	45286	33616	9807	33930	40924	32710	49582	6307	32535	28321	16227	12752	4720	49461	14015	42682	46663	9301	37593	43510	832	39662	28184	9595	45991	37104	44713	2534	21222	29867	36979	189	4088	22601	17665	4560	41661	22879	10572	40862	18195	26168	43597	25670	29522	42336	11272	30048	13056	24816	42622	26896	14665	34749	17505	2182	29877	17320	29337	33136	20651	43046	15677	30695	39365	28983	43051	7761	15799	17899	48809
7264	27960	25571	34249	9807	15268	31267	40639	40802	26718	26876	17099	28983	14180	44874	36426	11298	8381	42395	43486	3498	3074	23631	17053	41833	41591	42233	32983	38609	14324	1006	32118	31332	38583	46017	28302	15607	3839	31729	10936	2519	48818	20312	1750	9353	5839	27917	37935	17461	49168	44448	19893	38544	26930	27468	42587	29848	5698	10986	21573	18975	482	18765	14057	19026	47127	37537	21305	1590	28607	7689	26959	28220	10695	30524	36304	34449	36138	2173	3690	3994	31123	9193	12176	42122	3782	49238	45167	44646	6444	2637	14253	35818	41174	43353	38936	19146	20906	49701	9926
45519	41170	11968	30831	5405	35769	16956	19545	19637	7627	37045	9725	4119	23106	38232	3062	30145	22959	7297	37234	47541	14061	1868	45106	48996	6081	38794	31285	47762	45388	23476	17150	43969	22157	4728	20022	1810	255	4640	9398	36499	1086	43062	29507	46186	34692	8395	28216	19197	35524	27596	46745	21460	8327	35593	27474	21857	25545	40102	46759	33936	42808	27997	36034	13346	23795	37294	29400	31258	29276	15230	47040	3230	21138	2797	2260	25265	42700	28290	28656	5851	36460	31093	20422	45622	40298	1896	15650	4015	18981	1676	25372	41987	14923	11918	25802	15047	41518	27420	22829
48710	49638	26749	18021	27109	7464	8649	29118	40907	41774	6664	4763	27499	13972	30970	5345	6071	11260	39467	25963	24525	42145	5878	44247	22145	25088	25300	34761	28395	20518	13907	34632	1229	45052	32889	28072	2427	20500	31235	16889	29611	29357	44743	29048	2842	45170	27560	2517	14915	17013	40764	42788	17547	30681	24719	11562	27199	30005	12097	6143	6559	39573	24268	13997	4239	9694	10834	22829	2005	32302	1496	20587	3773	21398	12268	45212	9992	39312	21366	44601	9106	28912	17906	41664	23598	9656	34628	1799	24661	37058	46343	17542	23626	44581	1501	40463	16711	16177	35679	45073
4885	16764	27518	15957	11092	11138	31164	22603	34569	39271	36082	15996	35141	44618	25010	34455	9496	20805	47907	15684	12930	31605	1166	10243	49003	1150	49115	36972	22848	46261	10186	40355	35852	20276	12575	28220	30773	1163	4342	4825	8317	14976	1026	36609	45729	32488	10108	35471	48156	40289	46000	35749	4272	25809	10761	22682	43853	19190	13287	12706	43322	28556	43520	29624	7323	15348	34909	41321	14443	9818	6061	4866	29422	38513	24562	27235	37105	6434	8237	42736	13125	13646	25797	17556	25227	24842	22110	41961	46619	39068	21885	48665	35957	16224	43201	36180	31784	26237	48770	22471
44684	17409	28327	29303	25956	14130	31475	43080	46021	21070	4581	22570	45588	32211	4995	32770	27440	47587	42716	32096	23791	20800	43502	30049	2969	17113	44772	27171	348	23131	42367	21735	34977	10005	15613	4082	24110	47149	7461	42616	31057	17377	21012	6150	43665	33537	16044	41610	32142	27115	41657	42088	48291	18460	33603	49458	29527	33705	47423	23402	45907	28252	21180	36256	30620	39034	13789	5592	42400	5233	2483	6187	22176	39496	19025	16626	9335	32271	23338	38660	42777	4138	1027	34540	44637	30090	3656	13472	15311	46285	12511	4774	10560	19465	19580	3414	35935	13185	3448	28786
24059	39169	19924	41722	15684	20994	43159	33431	5189	25081	37993	41707	15769	22545	29472	38284	36206	14177	2905	18705	23229	1954	12493	20929	11584	19013	31261	34113	24728	42590	13978	860	11515	36091	46115	34591	23185	34881	6075	40509	48742	7631	15490	22853	34673	4195	40057	45089	20165	49790	2744	10131	550	7408	3466	49818	7470	25435	20677	48382	31584	42515	19122	7397	26525	3144	9267	26192	44351	5597	40030	13110	27577	30199	20930	33108	4788	45003	24302	375	33702	46844	8631	9310	9089	12803	30252	3195	1786	8927	47534	23048	49530	31317	42121	35163	41195	41349	26717	27024
38646	8035	16524	6116	20896	7326	23214	27719	37354	16289	37260	19729	6205	1055	9166	27345	20112	30425	40707	21732	22468	17192	1816	47343	29724	46382	25514	15808	10861	26262	32912	36824	42048	30007	27392	27737	9848	11529	42742	8819	170	28702	31946	48438	37131	40809	48561	7438	32527	19100	20812	35584	47220	34963	39892	25736	44507	45736	15845	29673	34741	7457	39281	10246	22507	3847	39071	23068	34643	45231	15147	39091	11737	7897	5	5669	11844	28590	35836	2489	40133	32834	19955	46279	12569	32708	43803	33446	29815	4094	46263	40504	5862	2212	37561	19157	34188	46873	41829	18640
6630	20731	24953	49624	46362	19723	27843	42652	186	4838	49442	39697	31523	18398	22904	30580	6808	28157	22280	48268	31985	34289	37938	38816	37693	13906	4166	28496	20352	6896	44348	24701	35771	49279	41897	44364	24792	48739	3690	10456	7674	38137	35872	17888	4089	30360	45959	26446	15718	25119	37061	48889	25365	15118	36707	15070	9636	536	7184	30019	7959	21017	13821	35857	13042	36545	18878	3234	12461	9089	24558	41089	21196	37479	19419	13223	16037	4823	26357	26976	22907	34971	40839	10460	21409	40490	45592	1584	15754	29825	9949	8161	47933	9419	3412	9008	6314	14177	2003	26405
32837	39809	20164	34836	10305	10706	40437	41770	30523	24170	22641	26917	42309	45647	35449	16875	45895	30404	34441	33515	8458	15168	23724	28347	16546	5883	15920	10532	28566	42197	4295	19674	672	21805	49484	44121	18980	34681	18362	37592	47540	44276	36861	39940	48794	38437	24362	11468	28215	17961	31734	10083	24583	44194	16761	44357	1845	23260	37785	26959	18520	28719	43870	31844	7610	33930	16894	33510	6210	29761	24767	3156	34646	6095	16412	878	11202	141	9095	49825	15232	17092	22695	13787	6280	10742	28112	19913	24559	43693	4522	27744	40966	36646	23391	38259	14594	27204	17171	17853
23339	27926	35264	24592	35698	37593	21396	32686	47994	46455	38793	10268	35453	12466	4199	40317	48123	16629	42902	33428	44268	36568	49011	44709	45207	34788	905	26986	40220	22709	22603	28733	26384	44777	23555	32544	3159	33450	18449	33171	14048	20290	45324	33316	39475	16460	37280	32394	25143	26161	22819	36871	5597	25726	30795	10217	17438	16981	20329	45221	8373	39216	6844	42705	44770	17402	20368	19626	40166	9465	15107	34717	25628	15226	27481	43642	39305	8151	43956	26362	4489	27446	35545	28458	35579	28048	12433	28542	8228	15909	2007	1389	48613	27761	7384	46704	32764	23157	40469	27062
36137	29968	48407	24792	16963	31550	17903	11911	28995	39176	20501	22295	35175	18542	9044	37154	8541	32427	8204	27685	28468	7660	21968	32328	48204	34039	28670	4016	3783	18643	3084	9773	13330	10615	26489	19742	2266	31354	47887	40654	18668	17520	15155	445	22277	29756	17826	13280	8495	22316	34561	34619	25059	23946	41496	18634	30456	12053	32825	35621	27388	29735	19483	9841	32399	36439	36957	28896	47396	1390	35761	8604	13689	36023	3621	9873	44560	6673	13078	45732	38224	4962	18892	264	48084	8679	1673	2101	22896	49600	30887	18781	48626	44199	8305	37259	37320	15906	15875	20564
31945	16125	41388	29237	9577	35388	43235	31269	5605	18100	34856	38558	337	49056	49627	46941	21649	28398	32840	736	5023	2024	23180	6985	46572	43460	4606	8460	5617	25459	14626	39263	2515	19188	27586	2473	23750	5678	16284	17282	40107	40976	14506	7841	9454	34874	44746	40945	30681	23089	37921	33807	42187	38718	22508	19410	8112	41232	32811	6743	33401	32272	2022	20144	39109	25436	32034	19832	47431	22785	10188	42802	46937	36730	30229	7885	44908	6022	37710	26079	42492	21373	13180	8243	11662	5568	32310	44285	2597	23461	12159	49557	24054	15689	33258	27473	41417	4487	6968	3173
23757	48493	14005	13742	42047	22393	33521	29195	30741	45844	13180	2039	19669	33507	24266	44545	35996	9015	49292	7927	24046	19630	48692	44569	450	39458	10230	12022	34005	38324	45906	28497	7567	22954	9365	41317	39091	2359	44191	12919	38733	29250	6968	31206	10804	27418	44931	31539	8357	8778	48187	29858	20681	22172	32917	29651	8812	25591	25579	40816	45086	2255	28751	29084	38467	2363	46610	46004	48685	20797	20273	27550	43257	33552	34500	24789	36938	38845	25936	21770	17070	41086	22206	13157	15652	33861	13333	7415	25976	23792	24603	34902	10110	8290	12815	18909	32928	16300	5976	21225
38961	44550	21697	33417	17132	11747	7978	1209	19042	19243	14626	14455	45339	41104	39326	46253	11000	31795	46604	43937	13131	30300	5975	44014	48179	6336	45068	43350	38039	30125	43513	34217	20264	38915	11110	42103	31155	13544	25066	32897	31337	957	49112	16811	12268	11108	47038	48368	14768	41810	16098	27952	45590	23161	3429	35021	35805	44191	6970	35247	510	14731	5979	17750	48224	5388	33240	45379	1471	13421	25851	31195	33798	13591	13478	25115	17340	47052	7820	15008	42691	34518	27517	13748	34119	46220	16551	32715	10926	20924	37385	10481	11613	18298	36816	13527	4738	31195	7500	49610
2720	11574	10984	22696	8633	39498	6281	20830	41381	22362	45384	41144	6021	1562	39180	24833	27257	7385	4050	1684	36071	8540	30637	36688	49751	45030	47104	26987	44260	1287	12443	37089	18841	39847	15118	38449	39103	15976	35953	14479	48858	42885	34988	3477	14658	20138	48113	9899	11892	21973	28129	43905	28643	48491	30870	45219	33497	48871	8528	31896	8082	3087	13643	17667	49654	38830	44690	24291	38066	21285	41798	39197	28616	2094	36009	18715	29050	1236	8929	34683	33920	19151	40685	12028	46526	48194	6133	48280	9285	7995	16871	16310	46471	34225	14768	37189	46332	13101	22095	8819
25353	15225	33669	23354	39908	49310	19456	10652	32184	34929	8970	6081	36515	5954	8532	11829	27791	685	38311	25110	12810	29382	26765	22790	33966	6577	12312	44693	19856	35531	14703	9992	6549	8471	49610	28667	49375	30415	47523	9360	2086	3990	7701	35440	19116	1835	3995	9191	16631	22536	33428	28462	25700	29135	6413	25992	26124	27800	15082	31103	9370	26535	7959	22519	15438	4106	26627	38207	43191	6820	49627	45455	39645	28613	14809	32324	46315	27308	30282	25173	31807	41709	16319	10696	12520	15642	17910	23614	9258	23841	31922	30880	34413	48268	32757	10674	18503	8672	6792	12181
18578	8833	8665	33938	43891	17773	13004	10352	19048	34242	20237	31350	22223	44	32941	47034	20556	12010	5609	29745	13634	1959	23794	9861	34566	23034	40621	32704	15276	49196	43353	25398	19603	12067	10167	35071	290	44505	34471	44309	9600	22460	16117	29588	31385	9871	44814	13096	16035	48481	14073	14750	43553	11935	27063	36298	2753	19751	32216	34281	8276	47845	12399	14508	48427	44953	2908	34380	37603	47772	25240	39459	46515	45526	38315	27392	11887	41626	41229	28709	48403	16768	28005	44555	17662	29178	1754	36874	10589	43042	39078	14021	26516	13953	3322	2571	26339	32672	44750	41009
47674	19126	24539	26672	4830	48141	4134	12404	27810	47794	45284	17793	29783	8251	30069	40613	36967	25882	35206	23552	3159	47464	11403	16283	30786	41303	27683	11764	43124	20574	28435	9236	15768	34740	37333	14372	29537	49096	13947	14451	35814	24186	941	30301	15801	29039	37002	28854	26552	14941	13946	18457	44001	48018	342	16253	35240	40858	11406	22163	35700	40477	26050	31398	44035	29303	19271	9457	44574	6092	23133	33397	13617	11264	30413	41283	43141	32667	34615	8649	16269	137	44920	41022	38310	23285	4135	22135	40370	27764	42780	24302	23806	13116	44209	3980	49072	28472	18956	38432
40022	17261	12398	11088	3668	11723	4792	17841	47966	49617	44248	33111	4437	21623	16934	13144	35083	22351	47442	16434	21315	25293	2204	37991	20955	49508	17469	42213	42869	21002	5090	49583	14487	33236	40205	7386	38778	39128	44249	22260	33502	22531	13247	31952	25231	38255	19940	40992	14310	44038	34556	7269	19277	11013	5665	25755	5072	28831	30138	21597	2938	19513	10990	29695	45921	3452	29795	12357	18008	9664	30936	17475	23440	33838	2954	25988	29807	4271	16741	40881	3525	21093	43167	35633	13310	19723	43345	30960	31997	12909	29231	49735	18939	33618	11387	20012	5494	47959	6124	6593
25189	26625	29920	3093	40371	24558	12908	36631	38976	30559	39251	18002	47458	11116	2150	2821	42272	8760	32855	35111	11472	736	29703	39565	14005	21337	17811	22843	11068	8289	13162	6110	31010	6337	40406	22719	9901	47307	3462	1442	34425	48906	28761	25377	10864	42342	5081	34603	9331	31341	30798	6872	315	19816	49547	48094	38835	44660	42128	48352	27792	31483	25812	23365	16097	633	789	42695	10022	18737	26646	7790	36501	44597	9553	11379	26081	8040	41218	23882	40613	21700	29002	43608	43943	20891	15976	34908	29753	38658	33191	7392	8499	36708	8449	1836	38432	5497	30696	48407
49069	32679	1936	15483	45880	31614	18760	16202	44497	11637	14665	37406	5585	18851	27838	44733	30849	36352	41885	23343	26415	45787	35051	11570	3151	30891	38482	767	4555	6411	20023	13287	7408	15975	4019	32130	3988	6945	37571	5941	38579	33773	5096	14872	15101	12145	17520	13827	18104	36377	4906	15242	47052	11780	49695	36653	924	16481	37940	11619	19011	40350	12455	42561	8965	22193	48244	2681	29577	25935	1611	26875	24077	24079	48313	34095	16813	42978	19834	24406	28829	1927	8629	34096	21244	5704	33007	49928	12096	358	40575	19874	10671	28386	19667	48872	12936	28491	6891	43336
6977	24404	14599	46912	22001	45381	30181	32956	45954	45750	42645	25844	41073	48006	31223	43533	45801	62	30090	8971	42610	9749	44969	28925	3502	16651	23763	19470	24305	41369	5133	13439	4556	41126	43145	8906	11992	21409	37944	27598	27658	31970	6277	20504	13823	39295	36789	48255	25995	17247	6558	24802	173	42722	25570	47899	40268	28201	1606	29074	21828	9140	10954	30291	18214	15208	44931	6674	27801	42348	27080	49558	20397	226	44829	25337	49324	16466	41369	19958	17306	39321	22894	36572	6694	32120	11951	34998	6722	38344	26496	11620	34518	39907	35792	36996	38168	46565	35354	25980
35538	11958	23770	18898	41229	25827	43398	9775	18181	8662	15145	21573	6766	24427	9397	13996	21439	42089	28878	46734	38460	41208	17769	19024	563	48624	3506	19631	43395	15657	15902	45397	13644	45615	42752	1615	8887	22782	21211	45252	27153	10131	42790	38672	23160	19015	6046	6627	211	3920	35140	1882	32610	25560	14848	23498	30327	16577	15506	14403	41040	38205	45056	31675	43868	9894	4650	29309	40034	26753	15990	15568	40098	3072	3161	11412	10424	18684	21752	27336	5911	13840	6560	43522	5173	9693	31255	18646	35124	18184	11474	18494	10912	10495	44398	39215	6198	19403	29452	16000
32117	43790	49662	36923	16930	3603	10079	19003	3805	19245	29939	32317	25931	1626	49164	31788	16800	40066	15436	14705	41381	983	23179	9651	30263	30885	34594	14686	3710	18030	44235	4974	29588	1198	3506	8485	16634	2844	17409	24084	43330	3547	46171	23357	40063	26807	7964	41930	24581	14503	22668	43114	22656	6884	26936	9700	19052	43499	29326	24035	18703	23942	32932	10193	17594	20940	26697	48169	31425	16889	10941	18703	43076	24050	45396	24606	28697	30672	16225	27142	34799	6671	45793	36002	29514	18546	4779	6311	27303	4248	4109	40151	41692	20552	49092	12237	27775	31565	4223	27518
248	17882	17378	15128	43478	46776	45180	19610	31694	49639	39859	41084	3410	25827	30035	33243	47632	41975	30978	34622	38594	36414	28425	39141	4535	35972	13388	13794	39504	42991	19187	42158	16647	29881	8130	44041	48901	39883	25746	25729	4797	14964	6198	1063	39107	34881	19844	5105	20628	13503	5573	6896	12798	745	38396	4474	8542	34845	34179	19416	44931	4980	17385	10959	44075	24507	11768	40161	37438	25493	35813	6392	39958	28119	8496	24060	21514	2951	473	32550	20688	36968	7291	16802	19992	17416	29561	44417	38770	42547	49940	19744	31452	4192	47187	17242	20557	7222	9483	32980
34503	39803	41461	46682	27285	21862	21192	46631	11371	17653	42958	17746	26252	2970	15456	36373	6126	21695	44000	36120	23761	20108	2183	32324	25779	39984	2493	30188	28706	45871	31143	47162	36325	19054	18961	36315	39006	11433	3404	37156	6027	935	49261	32493	12392	15970	23194	38606	25784	10312	48644	40323	34349	47664	27012	21897	41412	42981	48081	12384	16962	13667	1562	1598	44389	23457	12837	36659	12448	1904	8761	33885	21290	25956	14002	9316	6263	11283	41915	31401	4536	42184	8427	17745	14267	17101	47554	19584	17583	18817	44710	20376	33366	46638	14763	35968	22339	5966	192	1056
38426	39751	17300	12776	44205	40553	36921	5412	39189	49090	47460	48561	48988	32147	32738	18493	29356	14801	45305	46071	46482	12295	30410	29705	27843	17551	38201	729	36898	35251	45491	10205	39595	34730	27243	48980	39687	46558	35255	43438	34792	18619	20779	41763	19471	45471	30195	38296	32000	19574	33647	37576	47842	23865	46330	11440	28129	19688	5754	24101	6480	29406	4462	950	13519	317	17071	44657	16534	9684	27855	5493	33895	39470	37767	10527	23146	31492	23732	14466	34642	43983	46782	39927	36532	8768	24542	23163	34888	16942	32852	18874	7727	17275	44270	33010	41824	18041	39720	40542
34900	9125	29565	4800	46759	19820	37683	35488	44775	11651	42634	48426	25463	6756	434	14590	27998	13837	14775	37672	44794	45718	29190	36364	44471	8895	40393	26924	38014	8832	33567	5786	13378	35016	19722	6664	26246	12421	25298	36712	23108	14492	17649	10739	44579	34488	17634	43622	40805	24720	47151	19503	49803	47865	37470	29899	26586	38743	36604	44815	12556	9994	32772	40242	47640	23362	17058	7132	9592	38768	11916	25673	8948	49966	1017	28944	2940	17551	3829	15148	7694	13988	43237	10476	6373	9863	23093	7847	399	46236	38984	24063	13317	25405	15235	2732	2934	41660	23306	20273
8265	15387	35442	21756	43381	18435	3199	2356	21819	9127	3191	21237	9623	44366	17345	36651	13165	32328	49456	16069	4659	34577	36613	27410	48208	29710	1606	20398	34262	36290	4876	35995	14607	29732	6872	2102	3916	735	18834	593	37181	1131	28729	14315	38610	43798	45841	14422	31347	33854	38372	34138	31747	36792	31800	29408	39754	8178	942	23193	42986	16975	18852	37615	29378	21094	21441	36460	48589	1131	40815	45034	8558	2744	11086	30804	1094	48415	48394	27045	13374	30249	47047	9366	13288	15795	28290	47023	35321	7231	14949	45757	37534	22095	9025	21694	45468	36861	29622	1010
41919	11975	48575	49344	14780	43204	6213	2013	46363	29346	41253	24420	22800	40537	19237	49668	37664	13931	18829	43054	29696	30759	27853	36224	1301	2259	41592	26122	5088	28613	37152	42253	5001	37481	21763	28581	33266	21843	28492	30520	41589	6503	38180	9592	49792	33159	32297	20324	11246	849	6738	28483	32669	32592	23941	41528	17987	12921	45459	21322	5605	41534	23684	10715	22437	13993	11781	40158	47053	14603	20881	40785	41106	41513	27425	26920	35570	21511	14004	5185	11916	362	9215	49502	9554	22832	32857	6656	26361	10313	36920	47660	49273	13313	30247	43317	5284	16010	44552	21395
28446	22219	44300	43396	32667	27429	8933	27263	41616	26887	43986	18598	32617	5354	24859	35116	49866	7686	45833	24264	11122	34748	43327	3942	33480	28503	5960	30326	35209	42659	42456	2537	19480	2671	6049	6775	48444	47513	6967	21376	41933	32997	17941	45289	5891	32769	30062	35151	3991	47829	49054	38160	10769	47377	10604	39015	12524	44266	46715	1215	36228	7465	6409	37296	43255	26085	42181	1718	16084	6874	4960	25342	2504	18956	2470	43770	22573	7625	25486	31950	22389	38519	17158	11881	26060	3767	31851	34379	32330	42544	42996	14140	43639	1654	9401	14411	7165	5145	41716	7534
6839	6436	49675	41131	33033	20163	33381	1507	49539	4862	37383	18593	30344	45095	23955	38398	28559	19968	1604	14078	43144	43973	17562	12917	26124	18218	34856	1643	5559	4498	25447	27457	12142	42272	21339	27228	5576	25564	41382	13072	18638	10047	32701	16306	36756	2816	38812	42913	17248	24127	16136	12404	17598	35164	43227	12038	37714	18842	22133	1544	35878	45173	15320	34722	26790	4221	22029	36867	46288	48984	4776	43607	16701	36760	59	20214	38365	10239	47590	48309	41300	29726	3319	24491	49077	39480	39056	3523	32605	40924	46421	44495	32321	12679	18543	15102	44583	36821	48902	23195
11572	10276	30599	35789	37710	17828	47609	30426	16227	46864	45018	19343	16463	42909	26720	29504	21399	31097	7782	48519	48649	26153	38853	426	10736	33797	45263	17511	29005	8595	35750	32528	12610	44114	42772	38409	11916	5491	31038	27700	17229	49688	21863	11245	44803	30892	5413	25959	37180	26899	34192	49580	14151	49783	24439	23625	12865	41210	14786	12663	18570	562	20508	23864	3730	18169	44079	25822	20056	44714	37727	44830	17849	6400	547	24041	5309	18721	16616	24883	3297	1695	42762	41742	27805	1563	7870	32023	36650	47317	10221	18575	21917	45258	2888	25426	30360	41470	36901	47737
45136	21938	39537	26450	14151	45770	13012	7323	24853	12702	39124	7615	29105	40730	39536	47422	2580	18274	1677	20215	24098	9460	39343	3799	45837	24246	317	2456	16098	42878	1696	22669	31921	27007	8293	28437	37881	34744	7140	1895	32495	37419	14038	37793	14438	31415	38975	12586	4978	7896	8259	3037	29157	12733	46652	37400	4859	37139	6815	42459	35481	37379	46722	23506	37365	27876	10376	7536	11374	19306	12040	2959	35006	3369	15828	24072	48884	41365	20997	8486	27825	15545	32255	3952	6843	31405	2879	47656	33030	19678	28305	40221	17773	37584	6939	37453	13394	22810	11923	21237
46097	15816	47697	42790	12370	29244	15529	13370	14197	42087	13800	49226	12440	7741	3879	31574	45239	4101	13420	23467	22088	31991	40969	31944	18439	7737	13619	8316	8253	1177	44386	19511	1032	14947	6772	24569	36724	44552	32944	47974	48010	27459	5371	27603	21455	48835	13235	15476	35126	30555	14174	34342	26935	3447	9481	23559	44904	48629	13548	46531	4733	9351	21731	41113	32169	19335	6536	11306	32013	18458	20447	7456	15380	16024	45995	46309	16890	37508	291	16090	36427	34538	17591	33410	40781	17647	3833	4194	47403	14146	4948	364	4695	36758	17019	36093	31506	17892	33080	10969
14785	7897	3170	24415	49496	7696	40904	32278	23142	14180	41211	14430	16844	16882	20892	21227	38357	24191	16280	18235	43335	33154	39259	33067	42181	21352	47670	34194	23365	6212	26408	14303	23373	11820	25595	16030	6590	21734	42847	47645	26995	44115	31	30584	11906	14558	23512	24592	6946	33636	17209	28010	2600	27494	48325	49230	39317	3522	43656	8201	15523	16799	37583	35469	35287	35895	13962	22661	23238	15171	2031	15204	33207	42128	29892	47023	45601	26122	17888	28597	17076	41457	29016	19120	14482	42804	42701	19703	22432	14094	37045	555	22428	9115	40183	16066	16367	29296	41630	32030
6448	6616	46461	32085	3957	11116	35876	1993	35653	48262	41103	9633	43042	48952	25767	16617	38434	43132	39471	2772	23848	10247	13335	32066	8910	49827	14174	12584	5790	9869	24238	40749	20125	40096	17389	25209	39927	21297	16677	23797	4385	37318	30219	18696	49421	11592	41300	17116	44323	40522	10703	29505	24197	25919	34808	37854	49597	28390	37158	22754	41240	17169	15747	38872	26089	41662	47836	22227	40211	24986	24740	41343	31617	13984	48321	20969	18190	4967	6688	19629	48373	28898	18746	4444	23267	10151	25843	18225	15757	13538	37906	3873	12047	5717	4132	6821	25627	27974	39534	1831
5408	11269	4269	11246	8475	14948	40365	32017	5189	11377	44471	34452	29351	4692	2464	1147	39460	20537	46592	3072	4872	1918	10318	8804	4166	22719	26863	41918	21573	33780	48823	30699	11854	34028	45575	47001	7521	43201	46361	36124	4023	33065	33479	47941	40647	5634	1157	38268	36347	14766	26542	37565	20913	8627	12133	37319	19391	42064	47266	14696	1501	24483	41191	12279	10528	8152	22824	40307	47976	8685	35271	3652	26037	12118	33580	20046	16995	9541	15195	49609	16501	36349	15475	37173	28404	22500	21250	9003	12487	14953	26416	10063	33111	36004	49452	20790	4187	49059	22921	12225
42713	36397	5279	29393	26676	13532	7376	22825	3474	43859	26591	6216	42217	19854	25018	39730	48435	7284	34828	35517	7556	11933	9182	40874	17239	12676	15212	23115	6659	18014	36661	49094	48059	30509	22458	32341	5305	38561	46468	1543	35047	27464	40199	40920	11280	29471	36201	12008	10035	28959	24540	45070	46244	17437	11614	44572	31397	8372	46771	35456	28582	49229	48746	36862	9203	6526	45300	5231	41817	29533	36726	17087	49574	13333	8126	35110	13895	465	40753	1442	43715	28729	723	18407	578	11600	28661	39595	358	36811	8343	11082	8461	18041	41265	14	9958	5566	41179	44752
36578	23275	7366	42477	17557	29513	24491	49661	24348	6268	9435	4701	48471	30062	48877	48559	29797	14876	2311	47834	32350	48651	7372	39669	35791	37837	17045	15515	11068	6382	16336	5488	3751	36212	37947	8423	32477	12943	40714	23821	36561	31744	20386	42143	13647	15024	27855	1569	26877	18297	33025	18956	6341	38311	34526	25594	24131	25250	3436	35596	32163	45682	27480	30820	4784	4205	2908	9126	21818	14423	29463	11063	24574	35565	7321	35585	255	4650	22453	34609	48277	28833	17709	13472	12400	14371	9848	42833	18690	23686	4740	41045	12391	1237	16388	1938	40961	21987	23673	25596
